798793 0.0 6.0 2.65 3.0 1.40978721799
1600081 1.0 11.0 4.1 3.0 2.53574446662
2396011 0.0 12.0 5.75 6.0 2.60528309402
3191743 1.0 15.0 4.84 4.0 2.7008146919
3984990 3.0 19.0 7.96 7.0 3.13343262254
4777934 2.0 18.0 8.42 8.0 3.23474883105
5567028 3.0 28.0 9.47 8.0 4.30686661043
6359689 0.0 11.0 5.41 6.0 2.64232851856
7152742 4.0 34.0 14.26 13.5 6.24118578477
7945300 4.0 35.0 16.07 15.0 6.60492997692
8737560 4.0 62.0 20.43 19.0 10.5728472986
9530810 3.0 44.0 13.48 10.0 8.53285415321
10327586 9.0 39.0 20.68 19.0 7.62349001442
11122083 7.0 36.0 17.48 17.0 5.80082752717
11917773 2.0 21.0 9.19 9.0 3.52617356351
12714351 3.0 46.0 20.4 21.0 9.25958962374
13507283 4.0 55.0 16.77 13.0 10.5431067528
14303645 5.0 55.0 19.94 18.0 9.75686425036
15097425 1.0 54.0 14.22 11.0 9.12094293371
15891685 7.0 57.0 25.96 24.0 11.1784793241
16683145 8.0 75.0 27.74 26.0 13.2405589006
17473636 6.0 58.0 24.71 23.5 9.39179961456
18266422 8.0 55.0 27.39 27.0 10.2145925029
19056419 5.0 79.0 23.23 21.0 11.7506212602
19846758 9.0 83.0 36.42 36.0 12.9067269282
20638396 18.0 118.0 42.23 40.0 15.6408791313
21427816 12.0 63.0 27.83 27.0 9.15429407437
22216905 9.0 72.0 34.57 35.0 11.5915960937
23005917 12.0 91.0 41.13 38.5 18.2042055581
23794261 25.0 93.0 49.34 47.0 13.7151157487
24590067 5.0 19.0 8.9 8.0 3.11608729018
25385318 3.0 23.0 9.07 8.0 3.8451397894
26179720 7.0 28.0 12.49 12.0 3.97868068586
26971405 5.0 50.0 21.92 20.5 8.8945826209
27762301 10.0 50.0 23.29 22.0 8.18449143197
28553757 6.0 91.0 38.54 38.0 17.165325514
29342069 14.0 112.0 43.18 40.0 16.2790540266
30131482 11.0 78.0 32.74 29.0 14.4018193295
30921856 21.0 138.0 54.24 48.5 21.8746977122
31712329 34.0 279.0 83.05 75.0 34.9672346633
32501317 18.0 97.0 46.33 45.0 15.0393184686
33292044 6.0 60.0 21.21 19.0 10.3104752558
34082334 8.0 62.0 18.97 17.0 7.79930125075
34871626 10.0 73.0 36.1 34.0 14.217243052
35661095 8.0 69.0 30.14 29.0 12.3515343176
36453229 11.0 90.0 33.37 28.5 15.1470492176
37244280 10.0 105.0 28.69 24.0 15.1226287397
38031465 9.0 101.0 33.17 28.0 19.6321445594
