
0.346085876226
808195072.0
6751668.0
9.5238283393e-05
0.00204166281037
0.00563564524055
0.000514072366059
1.53279233928e-05
0.0100915338844
0.00601845607162
23966.0429688
0.00433859974146
0.040720179677
0.00593350641429
0.025601811707
0.0666701719165
0.0810294225812
0.0453528128564
0.0719030424953
0.107286021113
0.0849704071879
0.192323207855
0.0623629055917
34497.5234375
0.00771751627326
0.160958915949
0.0346322841942
0.0653003156185
0.114643707871
0.10990023613
0.0536737293005
0.0681807398796
0.038382820785
0.228403478861
0.230736732483
0.0364417023957
0.139675721526
0.0699462965131
0.248704209924
0.232413679361
0.232087343931
0.312938332558
0.035077214241
0.459240436554
0.308077961206
0.454889982939
0.225901961327
0.515685319901
0.192598387599
0.166910022497
0.341425448656
0.344582676888
0.14070084691
0.000507806718815
0.190009996295
0.0354523397982
0.485812395811
0.0207855906337
0.337755650282
0.188393399119
0.190444275737
0.0367818176746
0.544590234756
0.252232551575
0.707680106163
0.117046400905
0.618846893311
0.465705633163
0.362714827061
0.167691215873
0.339812248945
0.563814401627
0.424524575472
0.423080742359
0.627027273178
0.66111022234
1.37716114521
0.939302921295
0.606462597847
0.915427207947
0.471809625626
0.784496486187
1.04793286324
0.942611336708
1.7718269825
1.22716474533
1.81814754009
1.85189247131
2.10576677322
2.64290380478
2.54246044159
3.19434332848
3.37501239777
4.66079807281
5.16553354263
5.28789710999
6.04649162292
6.01974010468
7.65422105789
10.1925601959
11.2036895752
12.6585292816
13.6573486328
15.2060451508
18.0670623779
22.0728645325
27.5110549927
25.9448642731
32.0192947388
33.7549934387
49.6420822144
55.8364257812
43.8159332275
40.877696991
38.5166358948
37.2505874634
55.2232971191
45.1646881104
58.6982002258
60.9333114624
73.7945404053
82.5262298584
85.9085845947
89.5219421387
104.222663879
110.641967773
110.042625427
105.949478149
113.827758789
149.962097168
168.190338135
214.110443115
205.796478271
244.320343018
231.451080322
295.860290527
393.248657227
463.409118652
482.312164307
546.331542969
669.156616211
575.628417969
537.500244141
718.733886719
1211.78100586
639.882263184
443.91696167
595.489013672
486.953491211
407.386474609
791.098632812
500.032897949
375.235961914
1319.80541992
521.598144531
814.30645752
381.68572998
524.921386719
486.64944458
2073.77246094
1047.30554199
1068.05847168
1149.79589844
2255.23486328
1168.31079102
3322.08837891
1242.62182617
2084.68310547
305.138305664
1271.42919922
439.71282959
1659.35766602
1931.07580566
3425.49584961
2301.08837891
947.078613281
4357.58740234
4459.46777344
2853.69995117
5414.23046875
3133.90527344
957.605224609
6486.67675781
765.932495117
575.479553223
331.827880859
3841.79101562
183.990966797
14.4245100021
4420.34716797
9281.18164062
74.5558166504
9632.47265625
4900.82910156
10359.2207031
73.8665771484
276.252380371
523.584899902
16032.3134766
1021.57397461
6232.29980469
1029.61352539
7023.02001953
1316.3236084
7962.2578125
14251.6904297
2290.18261719
1049.73547363
8319.60546875
459.387817383
17595.9179688
10067.8134766
9377.03320312
19788.9609375
9831.34179688
121.97151947
8040.99902344
10760.203125
10424.4570312
31392.6640625
330.018676758
892.282470703
11014.0703125
43208.6054688
11544.4023438
11450.2402344
32158.9785156
21617.0605469
1098.21972656
11206.7734375
21190.8007812
31110.6875
21056.3808594
1304.8203125
11387.5039062
21666.453125
2272.96142578
32244.9472656
22611.2246094
12568.1855469
2008.34912109
23454.1074219
24206.796875
25586.5332031
12558.8876953
24703.3125
12539.1396484
349.552764893
13179.9482422
26265.3144531
396.801177979
12940.0644531
23924.4433594
25644.2109375
12860.4228516
22543.328125
543.644836426
46692.1875
24916.3417969
24239.0664062
2316.71630859
2401.40576172
12773.1875
2761.85205078
33944.9140625
1955.83032227
13087.3496094
37637.5
10971.3457031
12537.3017578
26566.9648438
26361.7734375
27116.5820312
14157.2109375
26098.8964844
604.619262695
13686.3417969
305.053771973
25538.3398438
273.783874512
13113.4443359
13177.7089844
25924.203125
39050.4453125
1738.95947266
39194.328125
2648.29443359
2386.37744141
14824.3457031
14816.5537109
15192.0878906
1426.04467773
14932.8046875
15214.3261719
15314.5751953
15403.4306641
30987.5058594
31279.4882812
325.380645752
228.937484741
31914.09375
15961.5185547
15986.3535156
80714.265625
53.8353424072
92.9125518799
15366.7919922
30297.46875
15251.6503906
29720.5546875
16683.4355469
1100.97265625
1228.26953125
1156.64245605
29525.8925781
29499.15625
777.529907227
44201.3007812
648.279174805
501.981048584
627.875061035
15715.9619141
30403.0410156
13154.8115234
30652.2148438
225.383758545
15191.6240234
630.167724609
45152.921875
13866.1630859
15993.3457031
73874.65625
14902.9228516
1302.0177002
28632.2734375
1270.96569824
14712.0810547
15002.6572266
16690.453125
41698.34375
28340.84375
1567.86083984
54801.0351562
14917.3681641
14889.9951172
1733.90686035
28221.7324219
14974.4091797
1327.37329102
14870.1328125
14855.3515625
620.807861328
29325.5253906
29567.5058594
14961.3671875
14963.8076172
58360.234375
30609.7304688
14606.7460938
14625.0566406
28514.828125
14574.9365234
29505.8828125
28185.7558594
1568.90795898
28176.5703125
14990.4228516
41274.75
2076.15771484
40306.2070312
15169.4267578
15180.1474609
28315.3359375
2056.92578125
1344.50756836
14996.9296875
866.236450195
30179.2128906
552.45123291
766.348754883
120.957885742
630.592895508
16394.0996094
85.0833053589
16119.1357422
14250.1992188
29385.4160156
16444.9101562
16296.0830078
28449.3828125
47100.390625
47.4712295532
14974.8554688
40556.703125
14576.765625
1372.75976562
27948.9121094
14297.6503906
28197.21875
27214.890625
27840.4589844
26923.3945312
3346.56738281
14781.7705078
26868.7558594
51678.1953125
3321.65673828
15298.8789062
64302.5664062
42396.0585938
40536.3945312
24882.7695312
51289.6835938
14249.1875
2124.36425781
15975.3779297
14257.6171875
38804.828125
1603.88769531
13788.8730469
888.381591797
13731.9248047
27023.40625
40534.09375
13950.640625
13956.7001953
443.781555176
40119.0039062
13687.9931641
13688.5507812
13847.6748047
525.133056641
13648.5078125
13645.0488281
53326.2773438
13585.7011719
579.136779785
39220.625
13389.1015625
773.625305176
25885.8261719
13374.4384766
881.2109375
891.495910645
12937.15625
13369.6123047
599.053100586
51264.1484375
13223.5664062
39109.6328125
13328.5917969
588.54888916
25847.625
529.479187012
12983.2333984
13004.1953125
856.740356445
24700.9511719
664.651916504
13088.6953125
25680.5605469
13355.6884766
13195.3935547
13105.3837891
665.697753906
473.96194458
14198.3828125
26160.1777344
13451.9609375
13122.5664062
343.665283203
26150.4550781
14062.0009766
161.234802246
24830.3359375
120.123435974
117.761459351
25879.5625
91.7366104126
25975.7226562
12914.0615234
89.3114547729
11403.4814453
75297.484375
147.683349609
24054.625
12021.8701172
23396.1796875
11860.3125
11815.2597656
22468.7558594
22256.0078125
1602.32971191
12004.3642578
12164.2734375
22133.3183594
21911.9082031
22815.1132812
11749.7089844
1390.0065918
32419.3867188
993.02142334
1054.58898926
22123.4804688
22621.921875
23411.1914062
374.924041748
33426.8945312
498.4112854
11326.9960938
22359.0644531
330.817199707
11495.8125
11320.3740234
44445.7148438
33041.0351562
11220.375
11180.5390625
11279.0126953
21442.4023438
840.813598633
11116.5253906
1124.40600586
21238.4257812
21083.3671875
10985.4648438
848.235229492
10932.5878906
41604.3632812
10945.1210938
640.946777344
663.325927734
549.124023438
21217.703125
423.950775146
10857.1298828
32086.2226562
22366.4609375
10818.7314453
10784.7255859
21267.1445312
31590.7324219
379.621124268
419.743041992
20825.3945312
11678.6533203
561.989685059
30825.0859375
21764.3242188
10518.8076172
10549.0576172
20484.5234375
10534.2978516
10420.59375
10458.0908203
10705.9365234
40134.8085938
10579.4736328
20110.3867188
9816.62304688
655.400024414
10450.1982422
20890.1855469
10238.6435547
19673.3359375
39706.2890625
899.132385254
10314.8056641
1047.18676758
19644.03125
701.059753418
8479.93457031
10219.5820312
10160.9169922
10220.0917969
29356.9160156
19678.78125
17939.8164062
558.548400879
19552.7363281
9852.30859375
29614.4511719
9784.07421875
502.497680664
10005.4423828
10193.6103516
438.791351318
9669.89160156
19111.9003906
10663.8515625
296.053222656
479.242645264
314.990478516
19226.1679688
9779.4921875
306.185333252
233.009689331
172.758575439
10212.4462891
230.486282349
20840.2128906
10411.1591797
20430.3457031
136.866729736
18692.5761719
19884.0488281
19623.4023438
18960.3144531
62.0834121704
27342.2890625
52.2052116394
17362.53125
8613.29199219
466.946044922
25659.7070312
633.27355957
565.176696777
494.259796143
374.995880127
15661.7568359
8091.10546875
8068.8671875
445.538757324
8107.48388672
15648.8808594
15660.6679688
8052.18896484
8104.609375
474.695037842
16614.3613281
15940.3886719
7781.08837891
95.9155578613
7783.43359375
7777.44384766
15934.3544922
15567.7939453
77.9242630005
15293.2177734
22667.1210938
22535.0
173.500366211
7476.23925781
284.811401367
7413.05761719
21224.65625
14379.6416016
439.429138184
7342.00292969
420.359588623
7326.31542969
373.602233887
14122.1044922
21146.8671875
33919.9296875
442.437072754
507.562133789
20517.7421875
7135.7890625
26825.0527344
7158.09570312
7408.30761719
805.790527344
838.131652832
7263.23291016
19944.796875
13512.0214844
7075.65380859
874.48059082
606.582824707
627.648071289
7250.06152344
21799.9472656
384.125610352
236.001846313
7213.10693359
14299.1015625
14374.9736328
64.2785263062
21610.8808594
47.1583137512
7187.42236328
6535.06591797
14079.8652344
7041.00244141
208.202728271
7153.80371094
21079.6855469
209.810424805
287.809234619
468.5390625
275.254333496
6990.15673828
13671.7880859
6915.11816406
13460.4931641
13404.9541016
20058.3710938
6843.61230469
383.606964111
13253.6484375
13224.3300781
6864.41357422
13242.6445312
13020.2021484
6769.31054688
6807.00585938
6788.29882812
26510.671875
17965.6484375
437.580200195
12490.8007812
12442.3730469
355.835876465
397.175476074
398.543304443
432.904418945
7255.9609375
6423.98242188
12651.0361328
5073.10498047
6.41831588745
184.623184204
97.7475662231
102.560882568
12679.2998047
110.331550598
25518.0390625
5082.27294922
6253.51757812
12359.3691406
12664.8730469
6119.95654297
42.9855957031
36.1562728882
5768.25292969
289.60736084
151.063949585
11280.4824219
16505.3964844
300.588439941
16760.6855469
11122.1552734
5753.171875
10956.8330078
355.716461182
5607.90527344
16296.2685547
5621.3671875
5620.56103516
15490.9384766
512.021606445
665.986328125
5668.15625
5640.40869141
5627.94873047
10791.6171875
394.466003418
5473.81152344
5666.79394531
16207.9414062
10745.0947266
5407.22363281
20958.8769531
5480.22900391
5425.33300781
497.146789551
5417.96142578
20229.2480469
15243.1210938
15144.7998047
24740.9257812
5423.14892578
766.704345703
756.685119629
14610.1054688
5421.26904297
5484.16357422
5450.29785156
851.986755371
5371.12597656
704.404785156
473.741943359
5300.50390625
338.475006104
15857.0625
10316.9501953
5247.38085938
96.4891281128
77.0092010498
10546.7304688
10581.2568359
29.9243717194
5305.44287109
15839.2851562
5264.77587891
51.3517456055
10697.5429688
10303.5068359
5176.42236328
16008.5654297
10078.3037109
10302.6601562
148.870178223
159.395965576
185.26852417
187.74067688
14535.5839844
14508.7441406
14420.4804688
4920.79541016
4757.47070312
369.180053711
4973.32421875
4923.26513672
4586.48583984
5057.01513672
4954.3125
9154.47070312
9590.8984375
261.162139893
9569.65917969
14095.8515625
291.932434082
9529.76855469
4954.84765625
9478.171875
296.453094482
9378.10253906
13751.1113281
9330.28808594
13639.421875
481.47567749
4895.38427734
408.778991699
472.619689941
9118.32421875
4767.64013672
4744.36230469
4741.36181641
4692.59521484
4743.40039062
4727.56933594
232.665313721
4708.83300781
9420.48828125
9293.23730469
9280.69335938
4683.0078125
9230.85742188
4659.31152344
9592.96972656
4693.75732422
9580.703125
4708.46044922
297.225891113
329.755187988
9228.30175781
9272.66113281
4753.31689453
992681.4375
40733696.0
22692556.0
1623336448.0
1637677952.0
34189944832.0
53340110848.0
366036254720.0
297452896256.0
866942713856.0
1.28523409818e+12
1.47828677018e+12
2.95152648192e+12
2.59964246426e+12
7.38202379878e+12
1.79840902758e+12
1.37488215572e+13
9.94412121293e+12
5.80841793126e+12
8.02020864819e+12
3.99659038147e+13
7.35766275686e+12
9.28460696453e+13
1.23567920382e+14
2.36676722983e+14
1.45260894224e+14
3.26693969461e+14
2.05223201079e+14
4.65615726838e+14
3.71647144002e+14
7.43437095666e+14
1.26135002202e+15
4.83981476758e+14
6.2424061313e+14
1.11083834573e+14
3.32488074959e+15
8.6067352961e+14
1.64189606982e+15
2.63676363801e+15
1.38881955109e+15
1.50182067752e+15
3.96824779162e+14
3.21199162786e+14
1.65160668889e+14
2.53954087925e+15
8.9537601979e+15
8.53074121851e+13
4.92232402534e+13
3.39375591889e+15
1.09850432373e+14
3.46923137919e+15
3.50958877095e+15
3.46103980281e+15
6.89341069892e+15
4.096726638e+15
7.85432856389e+15
1.17214661145e+16
1.51830315139e+15
5.41504430093e+15
6.18616756109e+15
1.80019796115e+16
5.92246999089e+15
7.57029486041e+15
2.2438848332e+16
1.59559055101e+16
8.55170830932e+15
1.54741046688e+16
7.19381305963e+15
5.09955828351e+14
4.26104846287e+14
6.38144147043e+15
6.28810109367e+15
2.62551300473e+14
5.95024769188e+15
6.24316499834e+15
6.24219702008e+15
1.90849040756e+16
1.99729937908e+14
4.90729608577e+14
1.84638324773e+16
6.87799445068e+15
1.94271249223e+16
1.79934132993e+16
1.28759871465e+15
1.32167675685e+16
1.06240096285e+15
1.84595246251e+16
6.5552330271e+15
6.58621906865e+15
6.66686405896e+15
6.71095780383e+15
1.347331885e+16
2.9570078081e+14
6.82890941694e+15
1.91530866814e+16
1.44932014653e+13
2.4515684063e+16
5.67362710195e+15
5.49791515804e+15
4.16914488689e+14
5.09592984145e+15
5.04184922387e+15
5.18678235841e+15
5.22308342199e+15
6.17510748344e+15
1.414293539e+16
9.96040711655e+15
1.09931110649e+15
6.06915064024e+15
6.20166219248e+15
6.39630688911e+15
1.27287089598e+16
7.58988366938e+14
2.15808727801e+16
8.18452457587e+15
2.77531273986e+14
6.77210256887e+15
1.97922310324e+14
7.62982686523e+15
1.49479582901e+16
6.83801957945e+15
1.39636194316e+16
1.30052500929e+16
6.37724260303e+15
7.40301903757e+14
6.02067173376e+15
1.20374124987e+16
6.77953071481e+15
1.38978806622e+15
1.24956248428e+15
1.62891037042e+15
2.05806973034e+16
2.11875890672e+16
1.33839577604e+16
8.47363063572e+15
1.57473515619e+16
9.98132011762e+14
3.13028619671e+16
9.23523799319e+14
1.43007163823e+16
8.38757251023e+14
5.42119898907e+14
8.50065134872e+15
1.23792070699e+15
1.65385704372e+16
6.66011988656e+14
6.063646237e+14
8.74057788555e+15
9.01740409704e+15
8.81645438842e+15
1.68008081211e+14
1.8258726314e+16
8.84763477724e+15
3.47210116896e+16
2.19693902201e+14
8.18421480135e+15
8.1412447273e+14
8.380252678e+15
9.51053935706e+15
2.38223668197e+16
9.53758583987e+15
9.30723600636e+15
2.53959891499e+16
1.7445942408e+16
1.81686995046e+16
9.79653156563e+15
1.19541945546e+15
1.63788564411e+15
1.06664256518e+16
2.21191631788e+16
2.3398672591e+16
2.31732855922e+16
7.23953781834e+14
1.18522178039e+16
2.55441934389e+16
1.29354311045e+16
1.26885649743e+16
1.2457299239e+16
6.40328553988e+14
6.05064188133e+14
7.11014924419e+14
2.63891251752e+16
1.3240480083e+16
6.32114026381e+14
2.5237985893e+16
5.90439623164e+14
2.46211061828e+16
3.66352249263e+16
1.40191512113e+16
1.22607658305e+16
2.27088514511e+16
2.35788206992e+16
3.51073805051e+16
1.16051584001e+16
1.21001029151e+16
1.13291723916e+16
2.04867405988e+16
1.07642242046e+16
1.0605525163e+16
1.06119912363e+16
9.20769718649e+14
3.0722206011e+16
2.11433186918e+16
2.07917154891e+16
1.21191918972e+16
6.9489456998e+14
1.03100238969e+16
2.03180922655e+16
7.85782520414e+14
1.20019629124e+16
1.05471954806e+15
1.16799187483e+16
1.00186755957e+15
1.72336931773e+15
1.21869535963e+16
1.17892224448e+16
1.60800971738e+15
1.21033104504e+15
5.88812837192e+14
2.81429621856e+16
2.97547146985e+14
4.39610991035e+16
9.39160634393e+14
1.35392992113e+16
1.32685490029e+14
2.74809445165e+16
3.71646338695e+14
7.77741938983e+14
2.54431543333e+16
1.57906136937e+15
1.05834025583e+14
1.18877178561e+16
1.18059438262e+16
2.18948177096e+16
4.3322385927e+16
1.01207060335e+16
9.9390256956e+15
5.46665685582e+14
1.70433837133e+16
4.00787278408e+16
7.79187195478e+14
7.82878156154e+15
7.64280679327e+15
7.16597200788e+15
1.48539725945e+15
1.08223619557e+15
8.53108387637e+15
1.32233678595e+16
2.72394664228e+16
7.34101178941e+15
1.29999855367e+16
6.39792448117e+15
1.88607690598e+16
1.35564071398e+16
5.09215282037e+14
7.91580189393e+14
6.11261356179e+15
6.25163896881e+15
1.18847414437e+16
7.38613847392e+14
6.07421064859e+15
5.86166667575e+14
1.21495702009e+16
1.14811519568e+16
3.56997916525e+14
6.18292378704e+15
5.59335201571e+15
9.61928390246e+13
5.93857397077e+15
5.55608995319e+15
5.88901595375e+15
3.76531427787e+14
1.67947115493e+16
9.95272268186e+13
1.04556275832e+16
5.34514800316e+15
1.98288010012e+16
3.89749558739e+14
1.08314844662e+16
4.50926629985e+15
1.74565316499e+16
4.89520508174e+15
4.01645275972e+14
7.81826318664e+15
4.39004814115e+14
6.11815138525e+14
1.15821609977e+16
3.98687694383e+15
4.00334680123e+15
1.04234024436e+16
7.57493718319e+15
1.03979375825e+16
7.57565390586e+15
7.09767974617e+14
3.81564827468e+14
4.12137209987e+14
3.0838794643e+14
4.25337617488e+15
6.80172817954e+15
1.04688109853e+16
3.71863959319e+15
7.2163825759e+15
3.81651095912e+14
3.94642962619e+15
3.28936110162e+14
3.6975091594e+15
7.35501499341e+15
2.88006783107e+14
3.73682985343e+15
1.05498398383e+16
7.06425698176e+15
3.58855093938e+15
3.19061980348e+14
8.46796507054e+13
9.8431540396e+13
1.55503334261e+14
6.47763370548e+15
3.03046986826e+14
6.72312383557e+15
4.16771983016e+14
7.03376808267e+15
3.49100015249e+15
6.61573301017e+15
6.17408635496e+15
2.45307258438e+14
3.05764627382e+15
6.663378693e+15
7.43043938386e+13
5.59142948097e+15
5.49132976521e+14
4.79353381061e+14
2.75357601104e+15
7.88938569757e+15
5.09163809538e+15
2.71345376874e+15
7.63932840663e+15
3.13468993405e+15
1.32286854988e+14
4.78932178987e+15
5.55944808074e+15
2.91490518322e+15
5.11054601781e+14
3.23683633594e+14
2.38802812325e+15
2.35264242457e+15
2.97589190689e+14
2.33229850667e+15
4.96273270505e+15
2.33165882497e+15
3.16150260957e+14
6.78277126763e+15
4.97907398187e+15
2.452403509e+15
9.00801851975e+15
2.11363980902e+14
2.65479310541e+15
6.78091315741e+15
4.01328253698e+14
2.05499810395e+15
2.37452233015e+15
8.13767789117e+13
4.49343021856e+15
2.15037657691e+15
3.71599791987e+15
2.0641692013e+15
3.86930483134e+14
4.12618903991e+15
5.37753058017e+13
2.47003327601e+15
3.65187110535e+15
1.98523240002e+15
2.44937609393e+15
3.52744966088e+15
6.0084563099e+15
1.68955608039e+14
3.56192214214e+15
6.82956493632e+15
3.70522909468e+15
6.20909958267e+13
7.67480540692e+13
1.76745997559e+15
4.70618518166e+15
3.71578659406e+14
3.00861841683e+15
3.99513697124e+14
1.66904160531e+15
4.68489663939e+15
1.46928468964e+15
1.74544732868e+15
3.04906680821e+15
1.42443328569e+15
1.60093882548e+14
4.23456233908e+15
2.86088576893e+15
1.81972234561e+15
1.36225517837e+15
6.17714678759e+14
2.89767686144e+14
1.67461056728e+15
4.05121850671e+14
4.11666172871e+15
1.42586552307e+15
6.88162477179e+13
1.5440640968e+15
7.17330298018e+15
4.39371127849e+15
1.67121472455e+15
4.17466365143e+15
1.56546390557e+15
1.5597495858e+15
3.75046583773e+15
3.85420916215e+15
3.9669311157e+15
3.71275334051e+15
2.78320376919e+15
2.68290447167e+15
1.22386891617e+15
1.29133426246e+15
1.13207727777e+15
1.0904577025e+15
2.24714742458e+15
2.45034917246e+15
1.10908886798e+15
1.19916305632e+15
1.47401599877e+14
2.30505526067e+15
1.17339902391e+15
3.56306930106e+14
1.16222110309e+15
1.99778806582e+15
3.05340526205e+15
9.92990868799e+14
2.26524628255e+15
1.11799642882e+15
2.95736979331e+15
9.8340597819e+14
1.96366877852e+14
5.83551208653e+13
4.98155909022e+14
9.40621594362e+14
1.03987144347e+15
2.08456170602e+15
2.20849352422e+15
5.06082959032e+13
2.1154168853e+15
1.85297532459e+15
1.94896676992e+15
1.77544311184e+15
1.19472393919e+15
4.59599794668e+13
1.00110426335e+15
1.83369092144e+15
1.16462856647e+15
2.20659850412e+14
5.86935735157e+14
1.12323501385e+15
2.6759954799e+15
1.06431249174e+15
1.06614885869e+15
2.63471467017e+15
1.88682261968e+15
8.24213149581e+14
1.16526610068e+15
2.09160427799e+14
3.07698973278e+14
8.33302642557e+14
1.61699398366e+15
1.59800056454e+15
1.44936328915e+15
2.70443990745e+14
1.45509143334e+15
1.19647427258e+15
9.37682293228e+14
9.78656750993e+14
1.87979377148e+14
1.37366341681e+15
2.72762903986e+14
8.24108795298e+14
2.2127611111e+15
1.50456596693e+14
2.08470679539e+15
1.7165779678e+14
1.72660074375e+15
1.90130927593e+15
6.42069693465e+14
1.23318107636e+15
1.24858833201e+15
7.45289837183e+14
6.75391459033e+14
3.76336652698e+13
5.83407285305e+14
7.05585481777e+14
7.13921275101e+14
2.83549076816e+14
1.0154228119e+15
1.47463568202e+15
1.36749691752e+15
3.66925196558e+14
1.54765791068e+14
1.70604744619e+15
8.18503862977e+14
1.43819476356e+15
1.40402346689e+15
1.15947406885e+15
1.33176592695e+14
5.53416770191e+14
8.74186771792e+14
6.2448636579e+14
1.01786456791e+15
1.24643950618e+15
2.66560602112e+14
1.22661004483e+15
8.40501074854e+14
2.84485337743e+13
1.14251485361e+15
6.07218315559e+14
1.19549502004e+15
1.05614936952e+15
6.03549742399e+14
6.31858408718e+14
9.53140484506e+14
8.34738973573e+14
1.05758778091e+15
1.3104605823e+13
5.15981935903e+13
9.17045445132e+14
6.12014586069e+14
1.16288152142e+14
9.05630093148e+14
1.70666246537e+14
3.43685044634e+13
1.48335674733e+15
2.01368266605e+15
6.04139226661e+14
4.29392106881e+14
8.09949965844e+14
9.34979215294e+14
7.66243439116e+14
9.62692894425e+14
1.20319599706e+14
7.67701714731e+14
1.08924974295e+15
5.1715056966e+14
2.32368937894e+14
9.92883360399e+13
4.62205824795e+14
4.07996895068e+14
4.68976874291e+14
2.41128523694e+13
3.80518398951e+14
1.11436362469e+15
9.82539619533e+12
7.00261735596e+14
8.20025220923e+14
1.67156247429e+13
6.68252619407e+14
7.76392111292e+14
6.74412273598e+14
7.49227449778e+14
1.10909517621e+15
3.55409684595e+14
3.33609873441e+14
3.45141155987e+14
7.68313479135e+14
5.56280338973e+14
5.33340515992e+14
6.89831071973e+14
3.31358907924e+14
4.42503299858e+14
4.53919322931e+14
1.66695398277e+13
4.19436943114e+14
1.18703668593e+14
1.36407070802e+14
5.93499049165e+13
2.27738459832e+14
2.48549539316e+14
1.0521335751e+15
8.07257759547e+14
1.07481221038e+14
4.3721720175e+14
2.06546185224e+14
9.58861380944e+14
3.43732339606e+14
3.22935906632e+13
3.1820147694e+14
3.94872112546e+14
1.570335338e+15
7.6019927928e+14
4.0460262939e+14
5.74765735608e+13
1.14876376259e+15
3.09126445924e+14
7.81919667094e+14
2.83238496993e+14
2.56590439514e+14
7.37109467988e+14
9.14386189287e+14
4.5711796627e+14
3.87068291187e+14
4.26944680165e+14
1.47027233079e+14
4.75961464193e+14
1.12171070312e+15
3.64574540825e+14
3.91030734062e+14
2.92013282951e+14
2.72032088457e+14
3.68108057395e+13
3.04081469964e+14
2.05487962325e+14
1.19710695817e+14
7.00599360291e+14
1.37141904474e+14
2.13464186356e+14
5.99973108384e+14
3.49859211117e+14
4.7353101602e+14
2.63961123488e+14
9.80918051275e+14
3.65556007961e+14
2.50196055294e+14
6.66790048825e+14
6.19295293833e+14
1.13232759384e+15
7.81406133289e+13
4.22095360098e+14
2.69724147515e+14
4.54793751429e+13
4.41846069199e+14
1.89188678877e+14
4.0375081658e+14
2.49128739144e+14
1.07607553475e+14
2.47421724525e+14
6.08945899045e+14
1.52451810329e+14
3.97553514316e+14
3.07850639311e+14
2.99706005586e+14
1.8238605466e+14
8.04164779114e+14
4.88455683441e+13
3.19217874239e+14
1.15137956545e+14
4.85340162818e+14
1.06539935334e+13
2.7463308542e+13
3.7694800606e+14
6.38163018056e+14
6.27838780703e+13
1.00203063411e+15
3.02883400581e+13
1.34434468659e+13
7.31096379556e+14
1.35290177978e+14
1.88172482904e+14
2.57726296883e+12
3.13902785102e+14
1.18641332847e+14
5.13680840065e+14
3.67326608228e+14
5.45287873495e+14
3.06480880288e+14
5.94733248283e+14
6.36568779882e+14
4.7019063876e+14
8.38168370741e+14
3.78363063566e+14
6.93700434854e+14
4.49471548752e+14
1.26037946008e+14
5.29115073479e+14
3.99195970208e+14
4.95499975066e+14
2.63551960744e+14
3.48347583955e+14
6.64846341243e+13
4.12819304481e+14
4.59223020339e+13
2.84300662538e+14
4.52124966126e+14
2.51908455399e+14
1.7145326574e+14
4.11802596803e+13
2.0471307305e+13
1.89743971172e+14
2.7724970197e+14
2.6086992144e+14
3.03012291543e+14
4.0000781969e+14
3.68119465902e+14
3.33652554678e+14
2.26468743348e+14
3.51853887881e+14
1.5354340311e+14
6.0445530941e+14
2.97044434485e+14
3.42296679678e+14
1.60983326654e+14
2.20678523453e+13
3.93450075718e+14
2.43379086557e+14
3.71981379699e+14
3.63871441256e+14
8.06859736875e+14
6.79315918291e+14
2.0367540224e+14
3.41737608315e+13
4.5815268429e+14
3.68241906024e+14
2.90148663165e+14
3.04598107554e+14
1.30640909435e+14
3.43260698509e+14
2.66380632916e+14
1.12038542049e+14
1.28255944294e+14
1.26313738273e+14
3.42677757362e+14
1.37711105081e+14
1.36835544121e+14
1.89617621959e+14
2.19775456248e+14
4.33531775877e+13
4.39522156347e+14
1.65130218242e+14
3.02185946546e+14
2.83565216498e+14
2.06323518013e+14
1.54886771573e+14
1.32588727435e+14
8.76354186772e+13
4.22802083545e+14
2.18007640998e+14
4.50195720503e+14
1.84086928818e+14
2.7849585066e+13
1.72916826178e+14
1.43257392644e+14
9.91324379546e+12
3.0620455954e+14
1.81994877092e+13
4.07434422125e+14
5.94461121839e+14
3.4276503244e+14
5.6363942989e+14
1.51661838336e+14
1.05355832984e+14
3.13938117919e+14
2.9627617221e+14
1.83691003298e+14
1.97468922839e+14
1.26093143048e+14
2.91571169755e+14
2.08341246673e+14
1.42456431575e+14
2.12330566648e+14
4.05989970936e+14
3.00018732892e+14
1.87916781355e+14
1.08340162068e+13
2.73001106899e+14
3.17803655594e+14
3.387194291e+13
1.09624158061e+14
2.89775470772e+14
1.70358971826e+14
2.36654241513e+14
3.79515859632e+14
8.96897384448e+12
2.4821095832e+14
1.144069313e+14
1.90059835818e+14
4.37027216556e+14
1.24868171399e+14
1.84498457149e+14
2.98504924692e+14
1.05423847817e+14
8.58417497375e+13
1.19240900215e+14
9.73428165181e+13
2.76945531044e+14
1.92803330064e+14
1.89426412028e+14
1.18563444621e+14
4.56946855444e+13
4.07871267275e+14
2.73845269299e+14
1.35774829806e+14
4.09070217462e+13
5.32958716887e+13
1.83440972448e+14
2.34225336844e+14
1.82775722279e+14
2.7084157721e+14
1.01953078034e+14
4.98779182596e+14
1.04621158695e+14
2.54534358139e+14
9.26430569431e+13
1.68298125722e+14
3.68278430024e+13
2.57396316307e+14
1.74139046363e+14
4.90626697134e+13
1.4330237236e+14
1.79727352463e+14
4.97695709987e+14
2.59658941989e+14
1.05548208931e+14
2.44977821024e+14
1.66523326956e+13
8.72102420808e+13
4.35001779814e+12
1.17221946819e+14
1.00304674619e+14
2.54734795538e+14
3.44943319056e+14
2.00116686291e+14
2.70350575206e+14
2.13504082575e+14
2.44531882623e+14
4.24836899799e+13
1.69235435225e+14
1.76720741138e+14
1.5744856857e+14
2.63872556564e+14
2.41535874499e+14
3.21225234579e+14
2.38087166755e+14
1.29796453433e+14
8.47734688973e+13
2.64330071245e+14
9.78612408812e+13
1.73989829804e+14
5.77887598019e+13
2.62728484651e+14
1.76114999755e+14
3.13276088975e+14
1.76028211216e+14
1.55585626505e+14
8.27188135854e+13
2.93447097385e+14
2.41196907626e+14
3.02516558365e+14
9.23359164498e+13
1.04341490893e+14
2.22944571687e+14
1.59349427143e+14
2.46930219205e+14
1.9165402366e+13
1.27391766675e+14
8.36856761549e+13
4.38042305233e+14
1.51271667401e+14
1.33428175438e+14
2.36746096771e+14
2.67896471159e+14
2.05336027857e+14
3.056088006e+14
3.34934426255e+13
1.17639363953e+14
1.08450163982e+14
8.29173719368e+13
3.64857438241e+14
4.22747003945e+13
1.08118881075e+14
8.88617744466e+13
1.68566980608e+14
1.51545740001e+14
3.91044986307e+13
7.5573439234e+13
1.37609904914e+14
1.69696171131e+14
2.47255328096e+14
7.89293438075e+13
1.83621864391e+14
7.63553665516e+13
2.16046132789e+14
2.82225757127e+14
1.37523074433e+14
8.14993029202e+13
1.61366451159e+14
6.43779107226e+13
1.56088238342e+14
1.92274319278e+13
1.66680953094e+14
1.56728876335e+14
7.85074387681e+13
1.94659628351e+14
1.39824665199e+14
2.94265825526e+14
6.05673184297e+13
2.40816786244e+14
1.7170920217e+14
3.46021892719e+14
8.9240343937e+13
2.94621066297e+14
2.0316497222e+14
3.90806355575e+14
1.44917145846e+14
1.54122737156e+14
2.45156246716e+14
1.03621018518e+14
2.78717272162e+14
9.10398324736e+12
1.37573154423e+14
6.7773233365e+13
2.83187024495e+14
2.62525128016e+14
2.03806935613e+14
3.32559418393e+14
1.94743917085e+14
1.74991614149e+14
1.52592319513e+14
6.4213317845e+13
1.87129913147e+14
1.83074591605e+14
1.6524551127e+14
1.11561792291e+14
2.84061788537e+14
3.05735166591e+14
2.226827129e+14
2.51611280572e+14
1.08915412959e+14
2.21181219176e+14
2.21840832201e+14
2.38744531632e+14
1.94486353265e+14
2.20664195711e+14
9.77123850322e+13
2.08116331315e+14
1.20127039209e+14
1.22667076157e+14
2.08351715656e+14
2.24372279214e+13
2.02235917107e+14
2.30629895569e+14
1.42022019121e+14
2.15841819853e+14
4.69152070369e+13
4.49967533588e+13
8.94236182446e+13
2.43551824773e+14
1.57787921318e+14
1.07297711849e+14
8.81895365673e+13
2.64251285438e+14
1.3323236855e+14
1.11191103898e+13
1.22037234303e+14
1.56329863807e+14
1.56801253245e+14
1.70667169284e+14
1.39408934175e+14
2.19675296268e+14
2.4931359051e+14
1.25041228382e+14
1.48007676805e+14
1.23643619181e+14
1.40628168016e+14
1.03191832166e+14
4.64225189233e+13
1.67628177932e+14
2.5592624631e+14
3.2725864022e+13
1.04727618519e+14
1.32298901029e+14
5.985533952e+13
1.89582289142e+14
2.37315364487e+14
4.97567683052e+13
1.08283893383e+14
1.42758253691e+14
9.70691381821e+13
2.21159543013e+14
9.8392550146e+13
1.20219271954e+14
1.86629645926e+13
1.43265898693e+14
1.13174695117e+14
4.77808610509e+13
1.85898499047e+14
5.21773598638e+13
1.75692750782e+14
1.72217065275e+14
1.31296185549e+14
1.97493048476e+14
5.76219187773e+13
5.5579246592e+13
6.24068646666e+13
1.36389739938e+14
2.91537221059e+13
1.51210480894e+14
1.36009471754e+13
1.86253605601e+14
1.6091386898e+14
1.7043349622e+14
4.93919645204e+13
1.40586040426e+14
1.6319090629e+14
1.11568863887e+14
7.39565853737e+13
4.73446911836e+13
9.92077299057e+13
1.09359279374e+14
7.96444894167e+13
3.86006410854e+13
1.2204610945e+14
7.00808010138e+13
1.48799645286e+14
1.71462811976e+14
1.76318272504e+14
3.18935379476e+13
4.69144814223e+13
1.51501498483e+14
7.13951910298e+13
7.08429018563e+13
1.32020290191e+14
7.45482087301e+13
1.36296349565e+14
1.02912223085e+14
1.02012150612e+14
3.31579150828e+13
3.80703971738e+13
1.77483215274e+14
1.94742642016e+14
1.07448681628e+14
7.25348924785e+13
9.17685781135e+13
8.26946879488e+13
1.13558893363e+13
1.05979811201e+14
1.11637776302e+14
1.09172397965e+14
1.75205422989e+14
6.53179339407e+13
2.50253609533e+13
9.05803066245e+13
2.10545772855e+14
1.10141131194e+14
1.52379871724e+13
8.14327141499e+13
1.15396157899e+14
1.9182781884e+14
4.08351020155e+13
1.96671283659e+14
1.01281209254e+14
9.57170623447e+13
1.95577912492e+14
6.05071595274e+13
7.58366066442e+13
4.69181724099e+13
2.25995525194e+14
1.22931912901e+14
2.90599206912e+13
1.19166115774e+14
7.06525223977e+13
6.41376526008e+13
4.83943283425e+13
1.46594313798e+14
2.11424865419e+14
2.04943860433e+14
1.43944134427e+14
1.29642228875e+14
4.85660263711e+13
4.87066949386e+13
5.81951794708e+13
8.35921096212e+13
9.36426434724e+13
2.11256657052e+14
5.76889479496e+13
9.21077882552e+13
1.03513954714e+14
1.80663806329e+14
1.04256002589e+14
4.55618771026e+13
4.49871819571e+13
4.58164713554e+13
1.52627585221e+14
1.67065721766e+14
9.55959056794e+13
7.71132521185e+13
2.10259809403e+13
1.37082555073e+14
1.70517321482e+13
9.51620636508e+13
7.61982395351e+13
1.09549096796e+14
5.75955701596e+13
5.29119754322e+13
5.82365436969e+13
9.70623014666e+13
7.6920968446e+13
2.24392076329e+14
1.60720496886e+13
1.54761294774e+14
2.7762414846e+13
2.08035230253e+14
5.29781531607e+13
9.25340134277e+13
1.30656159924e+14
1.73556491092e+14
8.21694772019e+13
1.09124146692e+14
1.47027415532e+13
1.01592627937e+14
3.51057844634e+12
8.69880362435e+13
2.25379646177e+13
8.61001744384e+12
5.78089511813e+13
1.2648508398e+14
1.52708770169e+14
8.78609464033e+13
1.29456144384e+14
3.06645355725e+13
3.37024951255e+13
8.09070168637e+13
4.07334027264e+13
1.91456933315e+13
5.18223120302e+13
6.37374614733e+13
6.22760527135e+13
1.12079000306e+14
2.46697867346e+13
3.10797968343e+13
5.05663570575e+13
1.69175272129e+14
3.52508308357e+13
6.79080047411e+13
1.68054755426e+14
334658994176.0
1.49833272787e+14
1.46726736364e+14
6.70481042637e+12
5.15081838264e+13
2.82639047066e+13
1.89998825472e+13
9.33062686802e+13
1.66388563968e+13
1.47007603737e+14
1.03209381134e+14
3.35587898819e+13
9.72955886551e+13
1.02640876782e+14
2.4955584512e+13
1.01354659906e+14
1.35001005883e+14
7.49512897331e+13
9.06401006223e+13
7.14744465981e+13
9.24017250796e+13
7.14465544765e+13
5.46565626266e+13
5.50917468324e+13
8.8549760172e+13
5.4108660695e+13
6.48394771005e+13
2.88088286822e+13
2.37866361815e+13
1.77218068152e+14
1.52226492318e+14
5.80144091628e+13
1.05408748323e+14
8.66728762409e+13
2.28358126305e+13
1.27972526785e+14
9.3529254658e+13
1.32088380522e+14
7.4413630292e+13
2.14265139036e+13
3.65142810296e+13
9.62824964669e+13
6.8817560535e+13
1.08277769699e+14
4.56295312261e+13
2.78197656617e+13
3.73556542177e+13
1.04624371532e+14
1.91339073372e+13
1.02935644078e+14
2.13935131197e+13
1.84951307764e+14
3.498509022e+13
2.90729167421e+13
1.4594713269e+14
2.00774684508e+13
2.95581033431e+13
1.41344353812e+14
1.31375583724e+14
1.78514066145e+13
1.93014722986e+14
1.25199689187e+14
7.78188179374e+13
9.03550179738e+12
8.39591447757e+13
1.31596380275e+14
2.4320611346e+14
1.09658844955e+14
8.36355793879e+13
1.77022970102e+13
1.78693550899e+12
8.86275141796e+13
9.0126625538e+13
1.54420499186e+14
8.58608338207e+13
8.93616515973e+13
7.16196366254e+13
1.63500244599e+14
2.23189024113e+13
1.51133456695e+14
6.77997581435e+13
6.81362419876e+13
3.13671653786e+13
1.27774249452e+13
1.84824522342e+13
8.72124818391e+13
7.21722194002e+13
3.80955210547e+13
6.55103602196e+13
1.33567946424e+13
8.76285735731e+13
7.09693097902e+13
7.90714216612e+13
1.24544438239e+14
8.25337996902e+12
8.06637388431e+13
8.36804164977e+13
6.03734283387e+13
1.30261954068e+14
6.49769999401e+13
1.00357246026e+14
8.29767548928e+13
7.82456848384e+12
6.95122631066e+13
1.02300014084e+14
2.90261775155e+13
1.46837684093e+14
6.555893026e+13
1.28059348877e+14
6.68602634076e+13
7.01449654764e+13
1.31185455923e+13
8.6943727616e+12
3.66405253857e+13
2.4174630273e+13
1.74286299988e+14
2.63844169515e+14
7.28483495936e+13
1.24423508066e+14
1.95223560913e+14
9.13375211028e+13
8.08699224392e+13
2.72115160842e+13
2.14875661926e+13
1.36324411556e+13
1.47017670066e+14
1.64640136888e+13
8.40719044444e+13
8.22958767473e+13
5.69197461504e+13
1.35920305046e+14
1.42900088275e+14
1.22361974096e+14
8.00428979651e+13
1.71309352878e+13
9.13715620741e+13
3.78079050465e+13
5.65555840942e+13
2.62185964012e+13
8.5558600663e+13
8.91264182518e+13
4.94076931604e+13
1.72838795346e+14
1.37551948022e+14
1.62524347498e+14
1.37643425792e+14
8.56574100767e+13
1.14221970883e+14
2.55271842611e+13
1.19513152487e+14
1.24541435118e+14
2.5737014385e+14
7.65538410168e+13
4.53344703283e+13
8.19588057006e+13
1.26456369775e+14
1.27665528898e+14
6.86707011748e+13
7.64135237222e+12
6.95390898749e+13
6.86097914921e+13
5.0586066092e+13
1.3381664768e+13
5.50428789965e+13
1.30617245172e+14
7.80908185518e+13
1.68249031393e+13
1.7765342013e+14
4.3121308074e+13
1.1150171308e+14
1.06993029218e+14
6.72224793068e+13
3.19313537925e+13
1.77242479002e+13
8.84936823276e+13
1.19056468279e+14
1.37382942736e+14
9.62574313062e+12
4.86663750943e+13
5.75549525197e+13
1.23806173626e+14
1.04001416724e+14
1.72552307606e+14
5.96875421942e+13
5.83884739707e+13
3.17655319839e+13
9.27400711946e+13
1.97938789745e+13
4.85303370383e+13
3.50111829852e+13
3.41417016689e+13
1.3103132364e+14
4.69087268372e+13
7.9535538176e+13
3.77330157486e+13
1.7972164821e+13
1.59818937532e+14
1.2641210309e+14
4.27000112087e+13
1.05275319124e+14
1.32719002518e+14
2.34693286953e+13
7.57291234099e+13
7.77763883581e+13
3.47109442191e+13
6.64840175616e+13
1.89095531774e+14
2.63859952681e+13
3.74683467776e+13
7.50896094904e+13
2.27855363473e+14
8.58128342057e+13
1.39334694994e+14
3.0248326398e+13
2.47389780705e+13
1.40978935562e+13
8.01032120566e+13
1.40119501701e+13
1.2635955685e+14
9.4727307264e+13
7.94596296622e+13
1.36743755973e+14
1.75531437851e+14
1.17383553352e+14
1.28880360817e+13
1.16642554053e+14
8.12381319987e+13
1.81381585961e+13
3.00074978509e+13
7.36333135872e+13
8.20171065262e+13
4.52213876982e+13
1.87654670909e+13
5.68140664668e+13
1.21608098284e+14
8.81004579389e+13
1.94562983199e+13
5.94144804209e+13
1.12399025701e+14
2.22417502863e+13
6.3218839978e+13
1.37838595146e+14
7.41944107991e+13
6.46812511764e+13
1.01125424415e+13
5.8457587712e+12
1.25158366904e+14
7.66833779016e+13
2.8321844822e+13
4.23651841147e+13
1.20195892904e+14
6.96415357501e+13
6.55049327903e+13
1.10724131062e+14
7.50215946568e+13
1.74114157363e+13
6.91270791987e+13
8.29795231334e+13
1.86287411692e+13
1.14933895266e+14
1.14907110441e+13
1.69429178515e+14
1.19998961943e+14
5.57055664456e+13
1.0389357278e+14
8.30982974341e+13
7.24093485711e+13
8.72732635955e+12
5.40278532342e+13
1.0766223881e+14
5.49368847401e+13
4.72335001846e+13
1.40502053683e+14
2.46273277952e+13
9.42090003415e+13
2.95681612841e+13
1.06906316177e+14
2.22173646029e+13
7.0520502485e+13
9.99778041201e+13
6.46510962278e+12
1.13762258387e+14
9.15481758269e+13
1.33887611109e+14
6.19449459671e+13
3.19809682145e+13
1.34698164552e+13
2.54118014747e+14
6.06926064845e+13
2.14161623613e+13
1.34843241333e+14
4.12659535053e+13
7.18181614223e+13
2.75955423642e+13
2.27814775194e+13
7.92759443128e+13
2.54922331259e+13
8.65335246848e+13
6.7325822763e+13
2.64714646979e+13
2.32890721894e+13
1.69713183228e+14
4.63582537974e+13
6.65827850322e+13
6.77272805704e+13
5.1479603839e+13
3.79520758579e+13
3.73622266921e+13
2.2293967274e+13
1.22834235949e+14
1.68378689913e+14
2.11446390587e+14
2.50359033364e+13
1.42500958306e+14
1.16534542336e+13
8.55435011686e+13
3.89508906353e+13
1.29423227486e+14
3.50355372114e+13
6.59028841595e+13
2.23471510487e+14
8.45167198208e+12
6.86119096156e+13
6.3880491434e+13
9.64342379971e+13
2.18867653673e+13
1.73402142802e+13
7.52794856325e+13
1.19353005572e+14
1.16607816827e+14
5.63265792901e+13
1.92191607603e+13
5.84158879416e+13
5.03126373171e+12
6.11210798039e+13
4.35970218394e+13
5.48887676846e+13
7.88944220324e+13
2.5268915798e+13
7.38822119752e+13
5.55857739776e+12
1.39338123837e+13
1.04095679513e+14
7.72392657879e+13
1.77731450962e+14
7.61575380091e+13
5.89250470871e+13
1.24416847512e+14
1.26716391457e+14
2.03179048305e+13
1.19660640993e+13
1.19057122591e+13
8.91481028035e+13
1.91994936689e+13
3.97004001772e+13
8.054799283e+13
1.13347684991e+14
8.5528150016e+13
7.82624987546e+12
7.67198431805e+13
3.40004962304e+13
6.14404383048e+13
3.24502437233e+13
2.25796539023e+13
1.06258151506e+13
5.95590832456e+13
1.05767831077e+14
6.51507657605e+13
2.15967355372e+13
4.57116389212e+13
7.93822195876e+13
5.14592656589e+13
1.03614727062e+14
1.40844107563e+14
6.03269218959e+13
6.5285348393e+13
1.3098883534e+14
5.38258765251e+13
6.20742479708e+13
7.13325365166e+13
1.67925520531e+14
4.22083758653e+13
9.7026792489e+13
2.06200918508e+13
1.15059038618e+13
2.14071865508e+13
7.01081017385e+13
7.71256588698e+13
1.08646801342e+14
3.50804078756e+13
3.52758708306e+13
1.72694920233e+13
1.08257368605e+14
5.38171901215e+13
4.99989432238e+13
5.35423562547e+12
8.18156708823e+13
1.841692672e+13
3.35430864077e+13
5.63823845048e+13
8.04414323425e+13
1.65484251054e+14
7.41838495416e+13
7.95243226071e+13
8.31282699305e+13
5.89728537641e+13
6.55310926643e+13
1.74314561208e+13
2.79192272896e+13
6.00016871752e+13
5.28662826844e+13
3.55670981345e+13
5.12124728115e+13
1.37596952904e+13
1.75657566863e+13
1.09387246993e+14
5.67825169121e+13
7.46028353454e+13
1.80377658327e+13
5.90705170842e+12
2.92361905111e+13
9.73480761754e+12
2.08334418346e+14
1.51252054835e+13
3.63900373565e+13
6.72466930237e+13
3.08523103683e+13
3.13070148649e+13
1.23917322682e+14
1.45826198323e+13
1.20325597561e+14
8.55128827494e+13
5.45489871176e+13
3.96304559636e+13
7.97076094976e+12
1.08097926332e+14
5.39096745247e+13
1.39740158362e+13
1.21807017345e+14
3.08919675126e+13
5.46171445576e+13
5.74743254139e+13
6.42977240187e+13
2.04757331345e+14
6.04302737408e+13
7.45425380311e+13
1.10728098873e+14
4.31104993526e+13
5.49399214162e+13
5.48789781791e+13
9.69605644288e+13
5.88631727145e+13
5.55967494226e+13
2.67678635786e+13
1.44035104686e+13
1.45604288184e+13
1.51211638522e+14
1.3286672171e+13
4.75515269939e+12
6.1104524886e+13
7.745077615e+13
1.60653906018e+14
1.95767000105e+13
1.76123187036e+13
2.06685801021e+13
1.79104078889e+13
1.00445955555e+14
1.04890709836e+14
2.90493484237e+12
1.04856652087e+14
5.88274288558e+13
1.42093959823e+14
9.62085257216e+13
5.15068080947e+12
6.86422302392e+13
6.58107436892e+13
1.78391047209e+13
4.03344740844e+13
2.30145612841e+13
2.65967695299e+13
2.55926699295e+13
4.04542927667e+13
5.98966030828e+13
5.80296806236e+13
2.06512911811e+13
6.89904203858e+13
5.32950957425e+13
9.06879618253e+12
2.01118470636e+13
5.71797175009e+13
5.20994171126e+13
5.9555543253e+13
2.08070781174e+13
5.67790817772e+13
1.07779201171e+14
2.70329414943e+13
5.13061106483e+13
5.94146901361e+13
7.92904817705e+13
1.52796041052e+13
1.33415588332e+13
1.17434589643e+14
1.40031033344e+13
7.2949625258e+13
2.74716635955e+12
3.15915732255e+13
9.09441876623e+13
7.25027053896e+13
7.05751207117e+13
5.21040098755e+13
8.03230690836e+13
1.20086950052e+14
7.97431310582e+13
2.21991424492e+13
6.36727265853e+13
8.57292920586e+13
7.08877976863e+13
6.62073570755e+13
1.97418289201e+14
5.90437626675e+13
7.14046533796e+13
1.52557091553e+13
3.34601398518e+13
5.18975746212e+13
5.47318755492e+13
5.13120875315e+13
1.43193706332e+14
5.72153942508e+13
4.5160291369e+12
1.0254747802e+14
3.04641946419e+13
5.06349800653e+13
7.06671772959e+13
9.35741924311e+13
6.93843787776e+12
7.98889397453e+12
6.31924158628e+13
1.50986943365e+13
9.74518432563e+13
1.12510761959e+14
8.41947807744e+13
2.70018763817e+13
6.49475601203e+13
1.15069589389e+14
2.5684992852e+13
4.44080450437e+13
4.62401631683e+13
6.42455930143e+13
7.12113546854e+13
2.29295028961e+13
1.90559176098e+14
7.40180235387e+13
5.61824294502e+13
5.6930391294e+13
5.6672676479e+13
5.80223951176e+13
4.02765801062e+13
1.44125103964e+13
1.58729890693e+13
5.23865885245e+13
1.25397207351e+14
5.93792818217e+13
6.27469640008e+13
5.02837154939e+13
2.41718452552e+13
2.2569163948e+14
9.45313074381e+13
1.01605118575e+14
3.50742401516e+13
4.97886953472e+13
1.99123659653e+13
8.31479034675e+12
1.08567325573e+13
5.34860414321e+13
1.04315716895e+13
1.86016879084e+14
2.75792516874e+13
4.69725599498e+13
2.25428677591e+13
1.73023774638e+13
2.09909501133e+13
2.72310447636e+13
1.96851982664e+13
1.39019216224e+14
7.54779097661e+13
7.88881976852e+13
1.52814433075e+14
9.376595601e+13
6.11757273907e+13
1.27224581718e+14
6.45758021796e+13
3.39327666094e+13
1.14347347018e+14
1.15051184783e+14
9.27914262528e+13
5.43436339937e+13
1.03266943762e+14
9.44051259965e+13
6.31234950595e+13
1.12487936557e+14
2.63214868726e+13
2.02095407923e+13
1.08926284595e+14
1.2707484926e+13
1.3662384921e+14
4.82424232346e+13
1.3482855288e+14
5.73379937567e+13
1.01329452138e+14
9.92142310769e+13
1.11111852524e+14
3.37708014633e+13
1.51878163759e+14
5.5948966101e+13
1.57368346214e+13
1.34959465497e+14
9.99801948733e+13
9.9889061036e+13
4.05994785997e+13
2.84236238029e+14
4.19216490496e+13
5.31065324175e+13
1.43638323528e+13
7.24074548429e+12
5.76999831634e+13
5.23915126374e+13
6.27130572472e+13
1.64054674964e+13
7.25506903245e+12
1.75184082371e+13
2.91556640686e+13
4.01501139763e+12
1.0547556778e+13
5.3777407148e+13
5.32440930058e+13
4.14852149412e+13
5.88062266491e+13
5.57891798958e+13
9.03181542359e+13
1.30045611868e+13
5.59147993006e+13
6.86031351316e+13
5.24763340472e+13
1.09513873031e+14
4.21954867692e+13
2.01939379814e+13
5.76564840366e+13
6.66595114353e+13
1.54146292367e+13
8.40174980301e+12
6.51469070008e+13
5.95920966124e+13
5.68496299704e+13
6.33312095764e+13
3.39500639191e+13
5.70709969469e+13
4.95900740813e+13
4.40122002637e+12
5.91812058153e+13
6.69219742024e+13
1.35390623171e+13
4.09731868918e+13
6.1461896364e+13
6.31922732564e+13
7.88939354931e+13
5.5182318633e+13
6.04355585638e+13
6.50787705324e+13
3.31703386112e+12
1.94361740493e+13
2.88678865797e+13
5.77112993956e+13
1.50221357056e+13
8.98113984266e+13
1.21254119997e+13
2.85736519598e+13
1.28005452071e+14
1.12040660173e+13
7.73299319603e+12
6.43406275543e+13
5.2996121559e+13
7.02307306045e+13
8.88715807293e+13
3.63085420298e+13
4.54817323418e+13
5.46061890355e+13
1.6180618199e+13
5.94148998513e+13
5.76177873879e+13
5.62672718316e+13
4.10472373289e+13
5.30585411912e+13
4.9565331882e+13
2.17756477686e+13
9.46669931725e+12
1.30963518521e+14
2.25628053832e+13
5.12913592812e+13
6.03732479836e+13
5.09177935954e+13
1.47441005363e+13
5.24458792059e+13
5.98557002301e+13
4.63431501087e+13
1.90500820746e+13
5.02317134643e+12
5.10147029893e+13
1.02079913787e+14
9.28237391708e+13
2.30271630705e+13
1.73313234043e+13
5.1467545215e+13
8.82394236191e+13
1.49815975477e+14
1.17517708165e+13
5.46791321764e+13
6.83388226765e+13
6.9434894975e+13
4.38839583703e+13
1.73016749179e+13
9.10061543096e+13
6.61716132168e+13
2.61069288243e+12
3.19985129882e+13
5.05438923653e+13
4.82938286244e+13
1.63809381581e+14
3.99836834693e+13
3.53102473462e+13
6.58837665219e+13
5.32130719334e+12
8.34975448433e+13
1.30950050611e+13
4.33601652982e+13
5.00003776758e+13
1.06909956833e+13
4.93934157496e+13
2.31750395494e+13
8.41344666829e+13
8.36828072509e+13
1.04837542838e+14
1.10598561989e+14
7.50864354509e+12
4.9346414379e+13
3.14886114509e+13
1.78152055767e+13
9.1588436951e+12
1.29277068575e+13
1.24233889874e+13
9.43656827617e+13
6.27150327644e+13
8.70554638746e+13
5.9049466921e+13
8.61618925732e+13
7.70381572997e+13
5.20393420964e+13
2.32561825546e+13
8.49752568627e+12
1.28740998775e+14
5.41957218632e+13
2.4919477846e+13
1.33038279229e+13
8.09317129257e+13
4.47843789701e+13
1.8620943958e+13
7.25186437448e+13
6.19161898189e+12
5.28876442747e+13
1.23579442135e+13
1.32282654392e+13
4.64917710766e+13
4.99477223834e+13
8.56028086272e+13
6.36166948782e+13
2.58385526129e+13
1.09388811469e+13
2.5421814956e+13
5.08691858063e+13
5.51680831652e+13
9.59954886328e+13
4.82544776643e+13
1.83679456379e+13
5.02114728018e+13
5.97902355333e+13
1.22988955435e+14
1.45949605233e+13
7.81710052557e+13
5.77725865656e+13
1.07807755993e+14
1.93825205125e+13
4.68784607396e+13
4.369154048e+13
2.46599175373e+13
1.93120331366e+13
8.46345619374e+13
1.07799468048e+14
6.45718637281e+13
1.28708111237e+13
6.30700470436e+13
8.91088525066e+13
7.88244442644e+13
5.18320302326e+13
1.38184742666e+13
1.44527599862e+13
1.62249452814e+14
2.76110025687e+13
5.8709377024e+12
4.13161509356e+13
9.15017448817e+13
5.48690670387e+13
6.34180274749e+13
1.16046887387e+14
1.26790831964e+13
5.10705291756e+13
4.64318260838e+13
6.68585311601e+13
4.60227010888e+13
4.07646293197e+13
7.91612636529e+13
1.33973032305e+14
5.38934425682e+13
4.73967886336e+13
1.47269615616e+13
4.38000555131e+13
8.8998466814e+13
1.44186256916e+13
4.54873778749e+13
8.51901394452e+13
4.75686628229e+13
7.16436532101e+13
8.56008289157e+13
5.06159882568e+13
4.3125888254e+13
1.9530294231e+13
1.24652533842e+14
1.67667784745e+13
6.15279230976e+13
1.41002654351e+13
4.60912171418e+12
5.40928817234e+13
4.7770446594e+13
4.73277545841e+13
4.63342718157e+12
1.55667188941e+13
1.36533308867e+13
2.25754910556e+13
1.93675762074e+13
8.24331311514e+13
5.86506892739e+13
1.4841848791e+13
4.30441286861e+13
3.96491331994e+13
4.69098509107e+13
9.40923315814e+12
1.14938022461e+14
7.389019793e+13
4.12208070656e+12
2.04980711588e+13
7.79477843968e+13
6.1574907691e+13
2.86505398436e+13
1.11294782898e+14
9.26215233864e+13
5.22145507574e+13
1.03638001254e+13
5.82105054577e+13
4.97623760896e+13
4.73229227459e+13
5.72662627697e+13
1.76085668987e+13
4.13909479588e+13
2.77233176412e+13
1.29586618696e+13
6.40209712579e+13
4.93511078052e+13
9.77804774605e+12
1.58252285297e+13
4.39807167693e+13
2.60683795005e+13
6.04381380608e+13
1.46803727008e+14
4.21345141719e+13
2.49557355069e+13
184451792896.0
3.47967009587e+13
2.17241123553e+13
2.01824413942e+13
9.31038515692e+13
2.11182954742e+13
2.9654308094e+13
7.45915610563e+13
5.09656631869e+13
1.12374463857e+14
1.32637607854e+13
2.28617418179e+13
4.15379541197e+13
5.02471327744e+13
6.94296437064e+13
7.3757456597e+13
4.6550482944e+13
3.86887759954e+13
8.70339219292e+13
7.78032319037e+13
4.43700823982e+13
7.23247494595e+13
9.20792648909e+12
2.05838299955e+13
8.83709653811e+12
4.96167037174e+13
4.31394568274e+13
1.31242850779e+14
9.2257675903e+13
5.15711235523e+13
5.18083701637e+13
1.39434141942e+13
5.28938602332e+13
4.80821421015e+13
2.35419887206e+13
6.58729200517e+13
6.89267760169e+13
1.48615053967e+13
9.12068433674e+13
2.24207233352e+13
1.09986059387e+13
4.78735813837e+12
8.33914373407e+13
5.46679669391e+13
1.50144412549e+13
3.88650164552e+13
1.02888521073e+13
4.52789062861e+12
3.32999342162e+13
3.91694851768e+13
1.85972922778e+13
7.57344606618e+12
4.86459698053e+13
1.3310782079e+13
5.58200583619e+13
3.731848849e+13
4.484398003e+13
5.04498487296e+12
3.59607335649e+13
4.66353504911e+13
2.18668885606e+13
7.51946096968e+13
9.7644638634e+13
8.0236565758e+13
7.27572576993e+13
9.41352477e+13
4.64273633444e+13
1.710949086e+13
7.81939229327e+13
1.02229566554e+14
8.08353949286e+12
1.74498408038e+13
1.45507473162e+13
1.93925239276e+13
1.61930752819e+12
1.12806644941e+13
4.59506597233e+13
4.29742054441e+13
4.88585832694e+13
4.54383527526e+12
7.94371481928e+13
7.25830850314e+13
5.86663298335e+13
4.25792404193e+13
7.56183098982e+13
7.43051404247e+13
8.89060327424e+13
1.44087952916e+13
5.64365833011e+13
1.43136915456e+13
3.4253597311e+13
4.84295982449e+13
8.70268335555e+13
3.91329234289e+13
7.68638420255e+13
6.08591287419e+13
1.91048869478e+13
1.15177580134e+13
2.2803355009e+13
4.12263844413e+13
1.42991624765e+14
4.4153769558e+13
1.27734246277e+13
3.41167937946e+13
5.17453853491e+12
8.19420305818e+12
5.05408053576e+13
1.34504461107e+13
7.33679903048e+13
4.36088162222e+13
4.26533375181e+12
4.07319095542e+13
1.37625998459e+13
5.55923663749e+13
1.55839935545e+14
3.85399914496e+13
3.60940746834e+13
4.47816023409e+13
1.19714223227e+13
1.23323421819e+13
2.09289729802e+13
6.66529012122e+13
7.05715471647e+13
1.06969232835e+13
8.14864180183e+13
1.0236632603e+14
3.94766005043e+13
1.39835947876e+14
9.27037820764e+13
7.22094365082e+12
1.93079730504e+13
3.85281677066e+13
5.36446867866e+12
1.09197085639e+14
3.99129339494e+13
4.89768542536e+13
5.70774939238e+13
2.12130888417e+13
1.19379790397e+13
1.17962147103e+13
4.22804759511e+13
3.91933214065e+13
1.10120633631e+13
4.46491965522e+13
9.25188384358e+12
1.5006640898e+13
3.36109670236e+13
2.35944699494e+13
2.7369089794e+13
8.30907875328e+12
6.65471124767e+13
9.22434320466e+13
7.42076060795e+13
1.88790257746e+13
4.68031939543e+13
2.32041606021e+13
6.39220527923e+12
4.80445401661e+13
3.36159204966e+12
3.92922902036e+13
4.8759639638e+13
1.63650396488e+13
152874795008.0
3.1054488404e+13
4.5394994135e+13
1.29300546191e+13
6.54026001613e+13
1.25019378156e+13
2.63830949069e+13
6.13844988723e+12
2.62437517394e+13
1.08667504427e+14
9.62505526477e+13
4.20766034166e+13
5.7207727063e+12
6.20646094602e+13
3.37381488067e+13
5.38486054584e+13
125747920896.0
4.0849941463e+13
1.37991479624e+13
4.7977733292e+13
4.27107192668e+13
4.36971734303e+13
2.16660170506e+13
3.82197563392e+13
3.63847273677e+13
9.62611558482e+13
5.65212243558e+13
3.82497791672e+13
3.49597901783e+13
1.65413639946e+13
1.17691562066e+13
1.12887611785e+14
3.9078330368e+13
9.08285926441e+13
8.13035054694e+12
1.46621385933e+13
4.67454971085e+13
9.1696880681e+12
6.16231862272e+12
4.37268984627e+13
2.38394131087e+13
2.41799738163e+13
3.31962677985e+13
4.21658498171e+13
7.40052309115e+13
4.84309739766e+13
3.6672855081e+13
4.06726398444e+13
2.11386210714e+12
1.8168055595e+13
7.97348431135e+13
4.60120601395e+13
1.33017506939e+13
1.01596612526e+13
5.28902258688e+12
3.37976198431e+13
5.62399627182e+13
7.26836476641e+13
1.29660889334e+13
2.05948840837e+13
7.08366879949e+12
3.36852733133e+13
6.69862141624e+13
3.85377433027e+13
1.68480853197e+12
1.62144788152e+13
7.97495053517e+12
9.07175358628e+13
4.13763601695e+13
4.46942895145e+13
1.03695500968e+14
9.76906417603e+13
3.82815174656e+13
3.79350805381e+13
5.25804995871e+13
6.76818321408e+12
3.56125685842e+13
2.14917479137e+13
4.02118326354e+13
1.73013844623e+13
1.10687441388e+13
6.46202366362e+13
6.58763677696e+13
3.80866920448e+13
4.73688598118e+12
1.92371039928e+13
2.09325255557e+13
8.53136323379e+12
1.4466837119e+13
3.49688079319e+13
3.60545895055e+13
1.10863067382e+13
4.14285708657e+13
4.01940655636e+13
4.43982859469e+12
1.8000476373e+13
7.71266906685e+13
1.69828459479e+13
4.12753235804e+13
6.01520152248e+13
6.81071461007e+13
7.22639068856e+13
3.25589663744e+13
1.38664025784e+13
3.84123084472e+13
1.15997052764e+13
3.34250125558e+13
4.07439975383e+13
4.23249271849e+13
1.04982265201e+13
9.7954782249e+12
3.25692151562e+13
5.3588483113e+13
3.84938792714e+13
1.20312834294e+13
2.14955269816e+13
3.67593290465e+13
2.30410944512e+13
3.14179059712e+13
1.34952632975e+13
3.11614054072e+13
6.37666999665e+13
3.77400789565e+13
5.58664096154e+13
1.42871017554e+13
1.93776886743e+13
6.22063098266e+13
4.10940918989e+13
4.21599945687e+13
5.35289701335e+13
1.3549498794e+13
4.35515430011e+13
6.68741507482e+13
6.45193342648e+13
1.89312679281e+13
8.24497772954e+12
1.41303836836e+13
9.44038509281e+13
3.72977728225e+13
5.8193635967e+13
2.05247741952e+13
6.73297024942e+13
6.19434360177e+13
4.09428998226e+13
6.55179057725e+13
5.75842119844e+13
3.13382372639e+13
6.76253212344e+13
1.86071614751e+13
5.95253023212e+13
3.27893930476e+13
7.40239375073e+13
4.44732874424e+13
3.5881222144e+13
1.37493301166e+13
4.90621496197e+13
4.73889662566e+13
3.21693406986e+13
3.83867263386e+12
6.79011764142e+13
1.05415652147e+13
2.53666892186e+13
1.45054031151e+14
2.90076030403e+13
2.39881871688e+13
1.25009731256e+13
4.14573899284e+13
5.95534859469e+12
6.56882112922e+13
8.89097237299e+12
3.02959862743e+13
1.17132524257e+13
8.21458464932e+13
8.4827570176e+12
3.55420958884e+13
5.88466387681e+13
6.46795860378e+13
2.09845768684e+13
1.17159241974e+13
1.56227128525e+13
2.96005580882e+13
1.60464675799e+13
4.7454313513e+12
2.10429385114e+13
4.03871042109e+13
3.09768455455e+13
4.25934758871e+13
5.12835033498e+13
5.65918983782e+13
3.50546380718e+13
4.9992572076e+13
4.21837343293e+13
6.61568094208e+12
2.10728963277e+13
5.2119774167e+12
6.85585412915e+13
5.1960900223e+13
7.46031457239e+13
3.41542426378e+13
2.4689508352e+12
6.39371061494e+13
6.60393374515e+13
4.17647065825e+13
3.09656509481e+13
4.29488634593e+13
3.60425518531e+13
4.85675824579e+13
3.55108734894e+13
6.32407845765e+13
3.95353417318e+13
8.21959327744e+12
1.07405398508e+13
4.42565593661e+13
3.46604154388e+13
3.089957598e+13
8.43138486764e+13
4.35912504771e+13
6.13990992445e+13
4.5209312297e+13
1.56608956989e+13
6.60570164429e+12
2.03279963259e+13
9.35867334001e+13
8.27062851994e+12
2.74511177974e+13
5.87769546015e+13
3.78812760064e+13
2.41550302904e+13
3.09482131292e+13
8.59297231667e+12
2.83283376046e+13
3.90816816169e+13
6.19826863145e+13
6.81974956032e+12
8.90649444352e+12
9.85936376627e+12
3.834576162e+13
4.0130865791e+13
1.89115630879e+13
7.99415677747e+12
2.99702587228e+13
1.35294133207e+13
1.34843245527e+13
5.60039702036e+13
8.22423008051e+12
5.98283240079e+13
6.06235137147e+13
7.80680036352e+12
3.67887478948e+13
3.63544990188e+13
3.00273914348e+13
5.81261705871e+13
4.07871107891e+13
3.32931100836e+13
2.99181822444e+13
1.51602342134e+13
4.13768886518e+13
3.73750654566e+13
1.00912500572e+13
3.45469196698e+13
3.17051591721e+13
8.59209413427e+12
2.20661573222e+12
1.06390691512e+13
6.6740620886e+13
9.18853727027e+12
4.99883274404e+13
3.10779093975e+13
6.23652068393e+13
3.58561989263e+13
1.2133762859e+13
4.19376670966e+13
4.54663728005e+13
1.2013990314e+13
2.97455509832e+13
5.36184472207e+13
3.7898212606e+13
5.86417805722e+13
3.4134611198e+13
3.40025724109e+13
5.62889438003e+13
3.09501886464e+13
1.09848685445e+13
6.06998678733e+12
1.34350058291e+13
4.26473601106e+13
6.16083121766e+12
2.90764210831e+13
3.10597228954e+13
4.05126198067e+12
7.44375923507e+12
7.87740706734e+13
3.76745387622e+13
5.3064719401e+13
7.90842782515e+12
3.81085024256e+13
9.2037489623e+12
5.27530910024e+13
3.7214775935e+13
1.78750079631e+13
5.96489923461e+13
5.8824299905e+13
6.63768027628e+13
1.48735912837e+13
2.23587105505e+13
3.70314051584e+13
5.87579585987e+13
1.62702032896e+13
3.65198007337e+13
3.707273583e+13
5.73592546836e+13
3.50512952115e+13
8.43626473062e+12
2.08632859853e+13
1.63128300012e+13
5.37533192602e+13
5.42950136218e+12
8.24183567155e+12
1.32500548485e+13
1.42749718282e+13
3.64063154504e+13
72568455168.0
7.06783005901e+13
2.7508439253e+13
5.15239040778e+13
5.63046095258e+12
6.09769341583e+13
3.51458977382e+13
1.11052471665e+13
5.95478970368e+12
3.39625671393e+13
8.74576640737e+13
6.86251835392e+12
869978996736.0
6.6872147968e+12
1.07402798039e+13
3.73341374382e+13
8.18404759962e+13
4.90701324288e+12
3.47571339919e+13
1.26925951468e+13
1.08713643868e+13
4.42970459341e+12
1.34232282235e+13
2.97612565545e+13
2.77731061268e+13
2.79099919565e+12
1.15547150746e+13
3.02800584049e+13
1.10923979162e+13
2.52864479887e+13
3.07893874196e+13
3.77468905062e+13
3.48189643244e+13
2.75762716344e+13
8.17883407974e+13
8.12124796355e+13
3.58724392714e+13
9.40308535706e+12
2.97815884431e+13
3.06587767931e+13
2.90923846042e+13
3.11379508593e+13
3.06726662308e+13
5.27183286108e+13
1.23202688778e+13
7.90578436506e+12
1.62721756611e+13
3.8280749908e+13
3.70193926717e+13
5.71538470339e+13
5.23315844219e+13
5.30904640389e+13
7.11499500749e+12
2.78350958428e+13
5.28417554432e+12
6.17445127619e+13
1.03020578734e+13
7.85725846979e+13
1.69210240041e+13
2.78998181478e+13
756591165440.0
4.62787444736e+12
1.8438063915e+13
4.95548964536e+13
2.26860702106e+12
1.39922012897e+13
2.63932556083e+13
2.95115738317e+13
5.17848747213e+12
1.50043004764e+13
1.02589760799e+13
5.56435033293e+13
5.34805741568e+12
3.28014558659e+13
8.54929650483e+12
2.9735228801e+13
2.86472074691e+13
7.84041162834e+13
2.64354125578e+13
2.3538082775e+12
4.83776434012e+13
3.9225848234e+13
2.67586948301e+13
6.32676490936e+13
3.04452699423e+13
4.80495691366e+12
1.92438463365e+13
3.38177336279e+13
2.28689077862e+12
7.76171893555e+12
7.5030427861e+13
3.17490541363e+12
3.95383826022e+13
6.50027655496e+13
4.87031151002e+12
1.05798801818e+13
1.36561588961e+13
2.93462469509e+13
987643510784.0
6.32943856845e+12
2.7383210967e+12
3.46338277458e+13
3.38331487437e+12
4.72354442445e+12
5.90058776166e+12
2.60730938982e+13
7.13005339771e+13
4.87887313306e+12
2.29298174689e+13
2.36192205373e+13
5.17531710259e+12
7.0386477695e+13
2.83645721969e+13
1.15256474993e+13
7.72470504161e+13
3.29670448906e+13
6.33386827776e+12
3.02907748516e+13
2.60716867092e+13
5.33312254771e+12
3.16367144223e+13
2.78101040824e+13
2.70966928179e+12
3.81682896077e+12
2.62087376896e+13
1.01578094674e+13
8.96594031411e+12
2.91142893568e+13
4.91972397629e+13
4.70731309711e+13
5.61693977477e+13
3.62339253617e+13
6.76627595919e+13
1.12204342886e+13
4.9362570838e+13
4.83795727811e+13
7.49276338586e+12
9.79334646989e+12
3.1994440319e+13
1.11394590556e+13
3.11468784353e+13
3.14085967135e+13
5.72011965317e+13
3.14040831181e+12
2.88682640671e+13
2.23166584586e+13
1.06352418488e+13
7.89862689014e+13
3.24787691848e+13
2.26118493798e+13
1.45006358692e+13
1.07671967498e+13
2.49852738929e+13
7.33687704453e+13
2.64743629619e+13
4.70459392983e+13
1.31703033037e+13
2.43180817613e+13
2.44059293614e+13
3.86042314097e+13
5.26731559567e+13
3.57056234127e+13
2.35005657743e+13
6.07996115681e+13
3.00743928054e+13
1.10363924234e+13
3.26514675548e+13
6.97707454792e+13
3.50322908201e+13
9.7502101504e+12
4.88007899546e+12
6.81849022054e+12
2.70904558879e+13
2.53170076877e+13
8.18480676864e+12
4.00426721608e+13
7.74770366874e+12
1.5481707692e+13
1.07321501942e+13
3.2497729536e+13
5.43541375795e+12
1.10616022876e+13
3.17062350111e+13
6.10939384627e+12
1.65446198231e+13
459860869120.0
1.82874359726e+13
1.70335005573e+13
1.12761556173e+13
6.2954495017e+12
4.3804455338e+13
2.71162256916e+13
6.85151134679e+13
4.95663594865e+13
3.10867950305e+13
4.50951852851e+12
3.23478901228e+13
9.99110370918e+12
5.11568930406e+12
4.38437559665e+13
5.28657258906e+12
2.93584838328e+13
2.66981416632e+13
2.72718133985e+13
2.45967240561e+13
8.61937598464e+12
2.82102134211e+13
7.53929604301e+12
3.73145961759e+13
4.46657976074e+13
6.15218256282e+12
3.34793644442e+13
7.06333533798e+12
3.67201982874e+12
2.96788112179e+13
4.37297086464e+13
4.45829181604e+13
7.48275053363e+12
8.9620784087e+12
468807122944.0
9.15421737779e+12
1.4164261077e+13
2.73526376366e+13
7.3032269824e+12
2.86873113068e+13
2.70631551631e+13
5.47206411059e+12
6.7334446252e+13
3.43006039245e+12
6.68589589791e+13
4.30675245138e+13
1.80478782996e+13
9.05809861018e+12
1.67073572454e+12
3.01167426929e+13
4.84234368123e+13
3.5877158912e+12
4.6875776385e+13
4.62733443072e+12
2.62144503316e+13
2.43910941082e+13
4.38119631421e+13
3.29152955679e+13
3.33519918203e+13
2.99528146125e+13
5.34846153687e+13
3.08432758374e+12
1.98207057428e+13
1.96312039424e+12
1.11130569605e+13
2.5394306089e+12
9.1282210816e+12
6.54389857485e+12
2.90509113262e+13
9.77614877491e+12
3.5235823616e+13
7.2730942636e+13
1.55083299881e+13
6.5072178135e+12
1.2388084482e+13
3.99205549998e+13
6.7241026519e+12
4.30777334497e+13
2.72511879086e+13
3.17212967567e+13
9.3065314304e+12
1.16735900385e+13
3.19405854556e+13
7.52240662938e+12
2.58081753661e+13
1.01433223414e+13
2.4606022828e+13
5.73826672886e+13
3.42256386048e+12
2.38364120842e+13
5.13081973146e+12
2.39383609344e+13
4.21873330422e+13
8.79991403315e+12
2.22422473114e+13
7.6286436311e+12
7.9300436951e+12
1.17106687345e+13
4.11204447109e+13
7.81137372774e+12
7.22995511296e+12
1.03155981353e+13
7.42474016358e+12
1.07275339432e+14
4.73460165837e+13
3.4536119337e+12
4.00431209513e+13
1.03177969992e+13
4.10080835011e+13
2.39604649165e+12
5.81266256691e+12
2.83074709422e+13
4.41406078321e+13
5.01826348646e+12
2.04006542541e+13
4.12846013809e+13
4.38871754015e+13
2.78875561001e+13
5.68030060872e+13
2.36738995814e+13
7.46291409715e+12
2.75257575342e+13
3.16036979098e+12
8.02203684045e+12
2.56563981844e+13
185152995328.0
8.58390318285e+12
3.88025024512e+12
4.82013777756e+13
4.48100900536e+13
2.32846618788e+13
6.6147554689e+13
2.45930540401e+13
2.03147632968e+13
3.07171950592e+13
4.99402512794e+12
8.1669432279e+12
5.48276954726e+12
2.73423794176e+12
2.76114052219e+13
1.95052039045e+13
2.43946409165e+12
4.89197110559e+13
2.4768937984e+13
2.48981812675e+13
3.07059595674e+12
6.11606593536e+12
2.91239719076e+13
3.7870135935e+13
4.03305293414e+12
4.56789485158e+12
6.87895425843e+12
5.16382114447e+13
2.37534655283e+13
3.57243263386e+12
3.39297886536e+13
1.05072274964e+13
2.06639621734e+13
8.58746204979e+12
4.67648590643e+12
4.18562572288e+12
6.93956195123e+12
5.61562779648e+13
2.43236979343e+13
2.34959079997e+13
2.66570710385e+13
5.58484527514e+12
5.86179988685e+13
6.81557203354e+13
6.83515188347e+13
4.5218074198e+13
2.77854352835e+13
3.75748899635e+12
6.18639340339e+12
4.62779580416e+12
4.50184798536e+13
5.05413736858e+12
2.51478912532e+13
8.25816671846e+12
4.07099901215e+13
7.28075390157e+13
2.68101799117e+12
8.37143127654e+12
2.32423623229e+13
4.67684735058e+13
3.92978366464e+12
3.71699472138e+13
2.51218047795e+13
2.20620453315e+13
8.4034453504e+12
2.44022090138e+13
2.10758029804e+13
3.08595287654e+13
2.04425176023e+13
2.87671247176e+13
3.50018653389e+12
2.52715812782e+13
4.4112971563e+13
2.04127569183e+13
1.20348611707e+13
183494901760.0
3.98089068216e+13
6.31349706752e+12
2.35726029455e+13
1.54899500237e+12
9.66300113306e+12
2.43689376973e+13
4.25825832796e+13
2.91277593641e+13
3.09264279142e+13
4.19227982889e+13
2.27125189673e+13
2.73832183071e+13
7.15276261786e+12
2.66177305641e+13
3.95055663677e+13
1.15622847447e+13
3.81423756247e+13
2.22619374715e+13
2.9581570474e+13
1.85160108605e+13
2.93500218245e+13
3.01661222339e+13
4.24638844764e+13
4.33469406577e+13
1.1938816852e+13
4.30580747469e+12
2.4312448811e+13
2.35250835784e+13
1.51534514995e+12
2.73085680845e+13
3.75019515412e+13
7.94795075174e+12
3.73551257354e+13
2.99403176837e+13
2.52243597066e+13
3.61282351923e+12
4.02294833152e+12
4.08980249641e+13
3.0586037076e+13
5.89767880212e+13
2.17570476032e+12
6.26201659965e+13
3.3833573417e+13
9.86948252467e+12
5.70974797824e+13
4.13738645586e+13
2.94474072719e+13
3.75916724224e+12
4.35566044774e+12
1.02787690004e+13
1.13689608847e+13
1.02353967514e+13
5.50704146022e+12
3.90694489293e+12
3.82937270845e+13
2.20067916677e+13
5.46562061107e+12
5.56467539149e+12
2.22064929669e+13
4.41850380943e+13
2.62560683131e+13
1.95371959583e+13
2.78743010509e+12
5.97654713139e+12
3.42210274918e+12
2.54862289797e+13
2.41698760294e+13
8.32745714483e+12
3.14081605059e+13
2.32071930839e+13
1.84689172152e+13
3.63357211197e+13
2.34881695089e+13
8.23727908454e+12
2.04872540488e+13
2.3748149248e+13
2.12260471439e+13
2.98228383744e+12
2.65646831043e+13
2.78135308288e+12
3.66692941169e+13
3.97479510016e+13
2.13510442189e+12
6.37342024991e+13
2.83176379351e+13
4.86098128077e+12
3.71666295194e+13
4.55599770829e+13
8.09012402586e+12
2.09129738076e+13
1.73442418606e+13
1.41333018706e+13
1.88006656901e+13
5.90243954688e+12
6.13427550618e+12
2.06846400922e+13
4.5238907306e+13
3.67184891085e+13
3.56778697032e+13
5.85207119872e+12
1.92832056852e+13
4.21107335168e+12
1.91567012823e+13
2.48061650534e+12
936752250880.0
2.70602610934e+13
4.27877413683e+12
2.89444074619e+13
7.8482594857e+12
6.72332670566e+12
5.04199590707e+12
2.00693068595e+12
5.51081843098e+13
3.79358900388e+13
2.76471071375e+13
1.66962921472e+13
70989398016.0
5.50584346214e+12
1.98265505055e+13
5.89644399903e+13
2.46628598415e+13
4.0832639959e+13
3.94913565901e+12
9.55492650189e+12
2.22062538916e+13
2.58927933522e+13
2.47858368348e+13
1.87741702717e+13
9.02744349082e+12
2.00746226156e+13
2.06864142828e+13
7.53388119654e+12
2.25929875948e+13
2.2525799039e+13
2.44436990689e+13
3.6595537281e+13
1.05495239066e+13
5.71760443392e+12
1.84772785603e+13
3.46318606172e+13
1.94937387745e+13
1.66897941217e+13
2.01620067451e+13
1.72797376594e+13
5.51963108311e+13
1.83665195745e+13
3.56747470438e+12
833688961024.0
2.07586485862e+12
1.97650221629e+13
1.1235712041e+13
9.14805804237e+12
4.85352192082e+13
7.9761286103e+12
4.28948219494e+12
3.62384693658e+12
2.83219171738e+12
3.44437649572e+13
2.02546316575e+13
1.3232235348e+13