
8.15121
25241.6
3576.06
0.227911
0.398152
0.591607
0.780781
0.958997
1.13247
1.29678
231.275
1.63662
1.82833
2.02152
2.21368
2.40028
2.58042
2.75288
2.91848
3.07523
3.22124
3.36122
3.46574
405.107
3.727
3.86035
3.96648
4.06399
4.22011
4.3657
4.48862
4.59602
4.68858
4.76784
4.81457
4.84116
4.86666
4.85908
4.93422
5.0092
5.08052
5.14478
5.20264
5.25646
5.30307
5.34398
5.37773
5.40881
5.43492
5.45851
5.47872
5.49538
5.50835
5.51984
5.52991
5.5384
5.54705
5.55074
5.5928
5.73519
5.86453
5.98219
6.09499
6.19776
6.29185
6.37283
6.45498
6.53553
6.61752
6.70652
6.80504
6.90273
7.00472
7.1122
7.22459
7.34301
7.46662
7.57518
7.69063
7.81469
7.98188
8.24387
8.51052
8.8013
9.11707
9.44142
9.80461
10.182
10.6019
11.0408
11.4904
11.988
12.4753
13.0106
13.5648
14.1392
14.7724
15.5338
16.4957
17.4756
18.4989
19.5371
20.6461
21.8359
23.2422
24.3975
25.6329
26.9219
28.7018
30.6107
32.5633
34.6065
34.7283
34.9036
35.1447
36.0819
38.9689
39.9344
42.169
44.8823
47.5536
50.2978
52.9478
55.3516
57.6378
60.0021
62.3907
64.5223
68.211
72.9569
77.7352
82.4587
86.9298
91.3297
95.7782
103.833
112.237
120.605
128.764
136.674
144.627
148.535
160.899
173.202
184.869
181.654
179.25
190.156
200.821
211.261
221.55
231.12
240.987
256.497
259.222
269.886
287.797
305.216
322.321
338.629
354.078
369.214
384.068
398.104
414.155
431.133
444.338
456.063
465.94
477.026
505.61
532.928
559.243
584.404
607.687
630.387
652.484
673.78
699.545
725.158
749.551
775.01
798.291
820.505
842.492
861.976
878.768
891.58
908.603
922.41
939.98
951.274
972.538
991.942
1009.09
996.382
1019.02
1041.7
1063.87
1080.78
1098.31
1115.34
1136.31
1164.79
1193.24
1221.28
1247.36
1269.12
1291.06
1309.25
1333.0
1355.54
1375.2
1392.56
1406.39
1418.27
1430.14
1440.62
1446.81
1459.52
1470.93
1482.78
1492.47
1498.44
1492.31
1493.0
1497.09
1497.96
1494.31
1490.63
1487.51
1483.24
1477.39
1481.75
1493.82
1505.71
1516.37
1529.37
1539.06
1547.83
1556.82
1567.44
1576.77
1583.68
1586.95
1590.42
1592.43
1593.02
1594.71
1595.11
1593.76
1592.36
1588.6
1585.66
1586.1
1586.02
1584.55
1584.74
1581.49
1578.34
1575.35
1575.65
1577.59
1580.68
1586.34
1589.8
1595.32
1601.26
1605.0
1609.31
1613.38
1616.06
1617.1
1616.73
1616.71
1615.52
1615.27
1615.41
1615.83
1614.79
1622.5
1633.6
1643.81
1651.61
1656.88
1664.15
1669.75
1677.54
1687.31
1697.38
1707.87
1718.54
1729.97
1741.05
1751.7
1761.69
1770.72
1777.18
1781.18
1785.58
1790.49
1791.93
1792.03
1791.54
1762.09
1757.8
1757.53
1756.56
1754.01
1751.77
1748.6
1745.81
1744.43
1745.03
1747.27
1747.65
1746.96
1747.79
1746.42
1745.93
1746.64
1748.47
1750.25
1750.22
1750.32
1748.79
1748.16
1747.14
1746.97
1743.97
1740.38
1737.43
1730.86
1725.11
1721.48
1717.59
1715.39
1713.8
1712.95
1714.32
1714.56
1714.72
1716.37
1715.67
1715.87
1716.6
1719.1
1720.86
1723.16
1726.83
1730.6
1733.42
1736.47
1737.86
1738.01
1737.65
1737.04
1732.54
1719.38
1719.01
1718.56
1716.45
1714.44
1714.14
1713.56
1714.45
1714.97
1716.29
1716.64
1718.35
1718.78
1719.87
1721.83
1723.25
1726.41
1730.51
1734.4
1739.15
1742.89
1746.68
1751.01
1755.4
1759.95
1763.65
1766.74
1768.06
1767.78
1765.19
1761.26
1756.76
1750.17
1741.39
1733.8
1726.23
1716.87
1708.98
1703.54
1698.1
1692.93
1687.55
1682.9
1681.55
1680.39
1681.33
1683.01
1684.18
1683.96
1685.98
1688.81
1689.05
1671.67
1669.36
1667.17
1663.78
1661.4
1660.74
1660.67
1661.28
1660.33
1661.05
1662.16
1664.31
1666.42
1667.59
1666.77
1665.9
1665.26
1665.28
1663.24
1661.12
1659.18
1657.39
1656.66
1656.08
1655.19
1651.72
1648.74
1646.97
1643.85
1641.27
1639.76
1637.73
1636.29
1635.85
1636.31
1636.69
1637.29
1638.73
1637.14
1635.34
1632.09
1629.19
1627.17
1624.41
1622.74
1621.49
1622.06
1623.3
1623.67
1624.77
1625.75
1625.9
1626.24
1626.3
1626.36
1627.0
1628.35
1629.37
1629.48
1629.72
1629.47
1629.59
1628.72
1614.27
1612.15
1609.22
1606.73
1604.39
1600.29
1596.81
1592.39
1587.62
1583.35
1578.73
1570.6
1563.68
1556.61
1550.27
1543.95
1538.57
1533.96
1529.68
1525.55
1523.08
1521.56
1520.99
1520.38
1519.84
1518.79
1517.62
1517.71
1517.07
1517.02
1517.56
1517.63
1517.22
1516.01
1516.77
1516.31
1516.36
1516.11
1514.74
1514.09
1513.54
1512.98
1510.06
1505.86
1502.03
1498.6
1495.84
1492.94
1490.6
1488.89
1488.36
1487.56
1486.38
1485.63
1485.81
1486.05
1484.59
1483.53
1483.1
1483.27
1483.7
1483.38
1483.7
1485.83
1486.78
1481.06
1479.27
1477.14
1475.5
1472.97
1471.11
1469.83
1468.27
1466.65
1465.8
1463.8
1460.8
1458.98
1457.52
1455.74
1454.09
1452.51
1451.25
1450.08
1447.63
1445.62
1443.34
1441.2
1439.89
1439.03
1437.39
1435.84
1433.88
1430.67
1428.44
1426.44
1425.19
1423.69
1423.04
1422.35
1421.83
1421.48
1421.34
1419.9
1418.19
1415.97
1414.49
1412.85
1411.13
1408.07
1405.29
1403.33
1401.84
1400.63
1399.91
1399.21
1398.12
1391.41
1395.25
1399.31
1403.32
1405.87
1408.09
1410.46
1412.84
1415.19
1417.05
1418.72
1403.13
1394.93
1390.7
1386.38
1379.39
1368.31
1353.73
1337.66
1330.66
1327.5
1324.69
1321.56
1318.6
1316.49
1303.91
1293.16
1283.98
1276.16
1276.69
1276.96
1277.22
1277.45
1278.06
1278.63
1278.81
1278.66
1278.5
1278.52
1278.81
1266.4
1254.44
1252.12
1252.2
1252.09
1251.68
1246.26
1244.19
1242.45
1240.12
1236.77
1232.82
1229.38
1226.09
1223.34
1220.85
1217.59
1214.37
1211.99
1209.95
1208.5
1207.28
1206.55
1205.64
1204.21
1201.46
1199.37
1198.06
1196.28
1194.89
1192.75
1190.89
1189.63
1189.16
1189.3
1189.81
1189.91
1189.82
1189.89
1190.62
1191.72
1193.26
1194.44
1194.59
1195.15
1195.91
1196.24
1196.02
1195.29
1194.78
1193.26
1191.84
1190.4
1189.09
1188.01
1186.92
1185.97
1185.05
1183.24
1181.86
1180.76
1180.17
1180.03
1179.79
1179.24
1178.67
1177.65
1176.21
1174.1
1172.29
1170.87
1169.24
1167.39
1165.83
1164.25
1162.67
1161.47
1160.67
1160.2
1151.13
1141.92
1136.65
1136.59
1136.32
1136.48
1137.06
1138.02
1139.33
1132.62
1126.57
1120.72
1115.1
1114.29
1114.99
1115.69
1116.38
1116.13
1115.98
1114.51
1112.88
1111.18
1108.98
1098.41
1088.82
1080.18
1073.39
1072.52
1071.89
1071.35
1070.52
1068.94
1067.84
1065.97
1063.98
1062.26
1060.38
1059.06
1057.77
1056.18
1054.77
1053.64
1052.05
1050.87
1050.13
1049.63
1049.24
1048.92
1048.29
1047.92
1047.63
1047.51
1046.88
1046.01
1045.17
1043.57
1042.16
1040.93
1040.19
1039.6
1038.23
1036.44
1034.28
1031.52
1029.32
1027.9
1027.0
1026.0
1025.23
1024.88
1024.8
1025.29
1026.01
1027.19
1028.7
1032.2
1035.58
1031.06
1031.09
1031.1
1031.3
1031.66
1031.49
1030.63
1029.78
1028.86
1027.31
1025.77
1025.98
1025.04
1024.65
1024.25
1015.81
1007.6
1004.89
1003.73
1002.77
1002.1
1001.76
1001.01
999.863
998.295
996.798
995.296
994.17
993.254
992.419
991.461
990.755
990.128
989.427
988.676
988.099
987.252
986.036
985.247
984.435
983.845
983.18
982.712
982.228
981.371
980.228
978.853
978.04
977.151
976.513
976.329
976.017
975.867
975.722
975.651
975.495
975.382
975.363
975.498
975.647
975.358
974.81
973.94
973.129
972.046
972.331
973.816
975.115
975.952
976.779
977.865
979.118
980.025
980.632
2832.1
43808.0
125786.0
346645.0
779611.0
1.54498e+06
2.66786e+06
4.18526e+06
4.23813e+06
5.83318e+06
8.2826e+06
1.13545e+07
1.55752e+07
2.06875e+07
2.53748e+07
2.84973e+07
3.50743e+07
4.55027e+07
5.49e+07
6.93768e+07
8.68571e+07
1.05173e+08
1.28517e+08
1.46346e+08
1.59287e+08
1.68273e+08
1.81418e+08
1.95811e+08
2.15201e+08
2.37878e+08
2.64739e+08
2.88407e+08
3.01555e+08
3.15673e+08
3.44429e+08
3.83666e+08
3.93045e+08
4.13778e+08
4.388e+08
4.6966e+08
4.92143e+08
5.35962e+08
5.7927e+08
6.38196e+08
7.16812e+08
7.62539e+08
7.94956e+08
8.09688e+08
8.1416e+08
8.10134e+08
8.1187e+08
8.33619e+08
8.20898e+08
8.55861e+08
8.71678e+08
8.998e+08
9.16793e+08
9.69528e+08
9.96411e+08
1.05875e+09
1.15265e+09
1.17371e+09
1.25018e+09
1.26367e+09
1.27284e+09
1.29066e+09
1.24399e+09
1.20645e+09
1.20708e+09
1.18938e+09
1.149e+09
1.16493e+09
1.16817e+09
1.13562e+09
1.13736e+09
1.17324e+09
1.12573e+09
1.16472e+09
1.17286e+09
1.18805e+09
1.15472e+09
1.19645e+09
1.19431e+09
1.14205e+09
1.18145e+09
1.12717e+09
1.16654e+09
1.14326e+09
1.21147e+09
1.22364e+09
1.19997e+09
1.15869e+09
1.16156e+09
1.14621e+09
1.13613e+09
1.13967e+09
1.12262e+09
1.14103e+09
1.11816e+09
1.09136e+09
1.07753e+09
1.02255e+09
1.06932e+09
1.02461e+09
1.03104e+09
1.08598e+09
1.02028e+09
1.06375e+09
1.08126e+09
1.10364e+09
1.18685e+09
1.16139e+09
1.18801e+09
1.21534e+09
1.22258e+09
1.28237e+09
1.18935e+09
1.29084e+09
1.236e+09
1.19426e+09
1.20677e+09
1.15572e+09
1.17784e+09
1.12513e+09
1.20541e+09
1.10519e+09
1.13987e+09
1.13905e+09
1.1105e+09
1.12519e+09
1.14581e+09
1.21392e+09
1.29937e+09
1.31923e+09
1.21493e+09
1.26551e+09
1.33666e+09
1.29269e+09
1.36146e+09
1.29702e+09
1.27593e+09
1.37168e+09
1.30278e+09
1.26591e+09
1.39051e+09
1.29476e+09
1.4051e+09
1.30208e+09
1.31186e+09
1.43553e+09
1.32045e+09
1.44911e+09
1.35405e+09
1.31544e+09
1.2995e+09
1.28747e+09
1.41781e+09
1.28978e+09
1.4265e+09
1.4549e+09
1.4244e+09
1.32218e+09
1.47644e+09
1.34907e+09
1.40976e+09
1.42372e+09
1.43957e+09
1.449e+09
1.44173e+09
1.52327e+09
1.55037e+09
1.65933e+09
1.58745e+09
1.69763e+09
1.61768e+09
1.61909e+09
1.7027e+09
1.6311e+09
1.62618e+09
1.56525e+09
1.56921e+09
1.57588e+09
1.6397e+09
1.56907e+09
1.5687e+09
1.73131e+09
1.7483e+09
1.73642e+09
1.59969e+09
1.60886e+09
1.54056e+09
1.7152e+09
1.71045e+09
1.49839e+09
1.62102e+09
1.44859e+09
1.51125e+09
1.5111e+09
1.52005e+09
1.63477e+09
1.52402e+09
1.61754e+09
1.65662e+09
1.53317e+09
1.46373e+09
1.44977e+09
1.44383e+09
1.50048e+09
1.59375e+09
1.51537e+09
1.45503e+09
1.66462e+09
1.66237e+09
1.70224e+09
1.59434e+09
1.61841e+09
1.57113e+09
1.80503e+09
1.8184e+09
1.65259e+09
1.85962e+09
1.6758e+09
1.73462e+09
1.72784e+09
1.72024e+09
1.82913e+09
1.80263e+09
1.58498e+09
1.76843e+09
1.75359e+09
1.71248e+09
1.70679e+09
1.5455e+09
1.53571e+09
1.51214e+09
1.40728e+09
1.36944e+09
1.40591e+09
1.38671e+09
1.4424e+09
1.44024e+09
1.3009e+09
1.28472e+09
1.26552e+09
1.24725e+09
1.25092e+09
1.23999e+09
1.22464e+09
1.16232e+09
1.22346e+09
1.21655e+09
1.15907e+09
1.30979e+09
1.31518e+09
1.11151e+09
1.28917e+09
1.27963e+09
1.28404e+09
1.13436e+09
1.10447e+09
1.27877e+09
1.26715e+09
1.08594e+09
1.0799e+09
1.13574e+09
1.13748e+09
1.12875e+09
1.05337e+09
1.05254e+09
1.11826e+09
1.11676e+09
1.11333e+09
1.09611e+09
1.03103e+09
1.2106e+09
1.00809e+09
9.98822e+08
1.16148e+09
1.04358e+09
1.10338e+09
9.4165e+08
9.91344e+08
1.08964e+09
1.06772e+09
1.05802e+09
1.06597e+09
1.05163e+09
9.96541e+08
9.25246e+08
8.58302e+08
8.5328e+08
9.139e+08
8.42004e+08
8.37712e+08
9.04964e+08
1.01239e+09
8.34318e+08
1.01733e+09
1.01331e+09
9.19027e+08
9.86743e+08
9.14464e+08
1.02367e+09
9.16992e+08
1.01838e+09
8.38136e+08
9.03278e+08
8.33562e+08
8.34661e+08
8.97492e+08
8.32488e+08
1.00502e+09
8.2156e+08
8.15946e+08
8.83795e+08
8.72639e+08
8.06879e+08
8.71712e+08
8.68592e+08
8.65573e+08
7.88446e+08
7.84787e+08
9.51955e+08
8.35409e+08
7.80086e+08
8.98292e+08
8.9361e+08
7.48629e+08
8.0761e+08
7.39957e+08
8.00072e+08
9.1595e+08
7.30808e+08
7.89798e+08
8.87319e+08
7.20166e+08
8.50962e+08
8.72476e+08
7.04194e+08
8.83476e+08
8.71832e+08
6.95635e+08
7.54367e+08
8.62359e+08
6.91022e+08
7.53256e+08
8.37273e+08
7.82062e+08
8.54552e+08
6.78406e+08
6.77017e+08
6.74095e+08
7.35986e+08
7.31237e+08
8.24046e+08
6.95918e+08
7.1931e+08
7.10196e+08
7.04682e+08
8.03453e+08
8.09452e+08
7.97145e+08
6.28777e+08
7.94316e+08
7.81837e+08
6.72702e+08
7.83237e+08
6.65152e+08
6.05827e+08
6.64068e+08
7.67053e+08
6.60339e+08
7.60112e+08
5.943e+08
6.46924e+08
5.85607e+08
7.42592e+08
5.79593e+08
7.03015e+08
7.27614e+08
5.6634e+08
6.26509e+08
7.17978e+08
6.12287e+08
7.16236e+08
6.11063e+08
7.16323e+08
6.06978e+08
5.4196e+08
5.77555e+08
5.34693e+08
5.96995e+08
6.61404e+08
5.90362e+08
5.9037e+08
6.83979e+08
5.86198e+08
5.79857e+08
5.22064e+08
6.82503e+08
5.87938e+08
5.73445e+08
5.87499e+08
5.85684e+08
5.80108e+08
5.83238e+08
5.18003e+08
6.79459e+08
5.2888e+08
6.72049e+08
6.65843e+08
5.60693e+08
5.00978e+08
5.57454e+08
4.92586e+08
4.86091e+08
5.5508e+08
6.39808e+08
4.72173e+08
5.28848e+08
4.81805e+08
6.21861e+08
4.60791e+08
5.19802e+08
5.77123e+08
6.16118e+08
5.08413e+08
6.14826e+08
4.50486e+08
4.86583e+08
5.70042e+08
5.99052e+08
4.43747e+08
5.04062e+08
5.9533e+08
5.98205e+08
4.39659e+08
5.60564e+08
4.96475e+08
4.51256e+08
4.99399e+08
5.86948e+08
4.35165e+08
5.02524e+08
5.51651e+08
4.2802e+08
4.26452e+08
4.81289e+08
4.82086e+08
4.17508e+08
5.74972e+08
4.14493e+08
4.7411e+08
4.10114e+08
4.09685e+08
4.07475e+08
4.61461e+08
4.6284e+08
5.01991e+08
4.01088e+08
4.5375e+08
5.44458e+08
5.50753e+08
3.93297e+08
5.08156e+08
5.47605e+08
4.4024e+08
3.83666e+08
5.26296e+08
4.40459e+08
5.28473e+08
5.35296e+08
5.2055e+08
4.30808e+08
5.25995e+08
5.15434e+08
5.12082e+08
4.8572e+08
3.67633e+08
4.24382e+08
3.63668e+08
3.62362e+08
4.12941e+08
4.18083e+08
3.85425e+08
4.1037e+08
4.16812e+08
4.04589e+08
4.98082e+08
4.84532e+08
4.11867e+08
3.96235e+08
4.53529e+08
4.91812e+08
4.75441e+08
3.35344e+08
3.88627e+08
3.31639e+08
4.43872e+08
3.88606e+08
4.81133e+08
3.84524e+08
3.85968e+08
3.79367e+08
3.8145e+08
3.81983e+08
4.75425e+08
4.72323e+08
4.6723e+08
4.68259e+08
3.18784e+08
4.35976e+08
4.30209e+08
3.7441e+08
3.68586e+08
3.70717e+08
4.59817e+08
3.66044e+08
3.09694e+08
3.1137e+08
4.0507e+08
3.09069e+08
3.60451e+08
3.0458e+08
3.02916e+08
3.01408e+08
3.01857e+08
3.55359e+08
4.07579e+08
3.52649e+08
3.45711e+08
3.49808e+08
3.42468e+08
4.26125e+08
4.32025e+08
3.38368e+08
3.37272e+08
3.31253e+08
3.89737e+08
2.77037e+08
3.32146e+08
4.18119e+08
4.17781e+08
4.04403e+08
3.24584e+08
3.22275e+08
3.22603e+08
3.16288e+08
3.20374e+08
3.22455e+08
3.22095e+08
3.05318e+08
2.95237e+08
2.6419e+08
3.0068e+08
2.60791e+08
3.92185e+08
4.05378e+08
3.96534e+08
3.1288e+08
2.5852e+08
3.98708e+08
3.62704e+08
3.12844e+08
2.54787e+08
3.93427e+08
3.92385e+08
3.02904e+08
3.03368e+08
3.03106e+08
3.91168e+08
3.53869e+08
3.83242e+08
2.45686e+08
3.89924e+08
2.97539e+08
2.53193e+08
2.99723e+08
2.45556e+08
3.8667e+08
3.86707e+08
2.44947e+08
3.82408e+08
2.43227e+08
2.97236e+08
3.83345e+08
2.41986e+08
2.95531e+08
2.99526e+08
2.88267e+08
2.87102e+08
2.88016e+08
3.79024e+08
2.35081e+08
2.89038e+08
2.88943e+08
3.72844e+08
3.72001e+08
3.72761e+08
2.78908e+08
2.28637e+08
2.28435e+08
3.67355e+08
2.82582e+08
3.57789e+08
3.29144e+08
2.82087e+08
2.75737e+08
2.21149e+08
2.23008e+08
2.21484e+08
2.73235e+08
3.27661e+08
2.71211e+08
3.48318e+08
3.57921e+08
2.7072e+08
3.48839e+08
3.19087e+08
2.68881e+08
2.14382e+08
2.61865e+08
2.71211e+08
2.95924e+08
3.44695e+08
3.40115e+08
3.32964e+08
2.07906e+08
2.53667e+08
2.03743e+08
2.03179e+08
3.38239e+08
2.54924e+08
3.25252e+08
3.06766e+08
3.24188e+08
3.31314e+08
2.5175e+08
1.95288e+08
3.32356e+08
2.96937e+08
1.96298e+08
2.43203e+08
2.38814e+08
1.93872e+08
2.43747e+08
2.43298e+08
2.41403e+08
2.38455e+08
2.51183e+08
2.64364e+08
1.9319e+08
2.58335e+08
2.38855e+08
1.89303e+08
1.73282e+08
3.1871e+08
2.35402e+08
2.41479e+08
2.71938e+08
2.38141e+08
3.16314e+08
3.19817e+08
1.9579e+08
1.86241e+08
2.45815e+08
2.31174e+08
2.95401e+08
2.32339e+08
1.82301e+08
2.35843e+08
3.08621e+08
2.33971e+08
1.81957e+08
3.05175e+08
2.32374e+08
3.03444e+08
2.29783e+08
3.09344e+08
2.99905e+08
2.71331e+08
2.25327e+08
1.76468e+08
2.97241e+08
3.00068e+08
2.2015e+08
2.28095e+08
2.1798e+08
2.24106e+08
2.21007e+08
2.35438e+08
2.18864e+08
2.23367e+08
2.17528e+08
2.20065e+08
1.70583e+08
2.22752e+08
2.96328e+08
2.20276e+08
1.63321e+08
3.02779e+08
2.68067e+08
2.15888e+08
2.90412e+08
2.19966e+08
2.93082e+08
1.75914e+08
2.96556e+08
2.19456e+08
2.96773e+08
1.65128e+08
2.15596e+08
2.86758e+08
2.14388e+08
1.59349e+08
2.61247e+08
2.07336e+08
2.0662e+08
2.88886e+08
1.58482e+08
2.77057e+08
1.55405e+08
1.56946e+08
1.54564e+08
2.7621e+08
2.81442e+08
1.56888e+08
1.53642e+08
1.99397e+08
2.81392e+08
1.98572e+08
2.73722e+08
2.86031e+08
1.98114e+08
2.8174e+08
2.60443e+08
1.98568e+08
2.03392e+08
1.6334e+08
1.50983e+08
2.80605e+08
2.76338e+08
2.45648e+08
2.45165e+08
1.87644e+08
1.97461e+08
2.66607e+08
1.95222e+08
1.44753e+08
1.91987e+08
2.63645e+08
2.45735e+08
1.88269e+08
1.4369e+08
2.73358e+08
1.9446e+08
1.42608e+08
1.92042e+08
1.93754e+08
1.42456e+08
2.70824e+08
1.89952e+08
2.71189e+08
2.61852e+08
2.6328e+08
1.41927e+08
1.86918e+08
2.58749e+08
1.87133e+08
1.3965e+08
2.68018e+08
2.57893e+08
1.85802e+08
1.84986e+08
1.85529e+08
1.38386e+08
2.60044e+08
2.00945e+08
2.67818e+08
2.63489e+08
1.35076e+08
1.84916e+08
1.34594e+08
2.53061e+08
2.3055e+08
1.80516e+08
1.35669e+08
2.54486e+08
1.606e+08
1.76737e+08
2.51833e+08
1.83935e+08
2.6057e+08
1.3563e+08
1.82667e+08
1.77982e+08
2.6244e+08
2.60061e+08
1.75554e+08
1.30757e+08
1.83049e+08
1.55975e+08
1.29445e+08
1.76605e+08
1.69139e+08
2.59594e+08
1.29824e+08
1.29122e+08
2.55347e+08
2.52816e+08
2.22345e+08
2.53793e+08
1.76829e+08
1.72067e+08
2.44077e+08
2.43669e+08
1.82841e+08
1.79892e+08
2.47098e+08
1.6984e+08
1.72935e+08
1.25158e+08
1.2397e+08
2.15294e+08
1.70176e+08
1.23908e+08
1.3559e+08
1.73083e+08
1.24273e+08
1.96548e+08
2.45107e+08
1.6676e+08
1.23215e+08
2.49716e+08
1.59059e+08
2.45347e+08
1.22935e+08
2.37434e+08
2.38923e+08
1.2143e+08
1.67598e+08
2.35836e+08
2.37562e+08
2.35499e+08
2.45673e+08
1.61786e+08
1.19614e+08
2.3742e+08
2.44384e+08
2.24333e+08
1.67769e+08
1.61474e+08
2.09312e+08
1.65455e+08
2.37949e+08
1.59292e+08
2.34702e+08
1.70626e+08
1.13942e+08
1.11097e+08
2.38763e+08
1.12345e+08
1.56073e+08
1.1142e+08
1.56699e+08
2.27203e+08
1.5165e+08
1.09587e+08
2.00208e+08
1.50256e+08
1.0971e+08
1.55307e+08
1.52805e+08
1.50828e+08
1.07969e+08
1.97576e+08
2.19987e+08
1.53738e+08
1.54458e+08
9.94011e+07
1.02738e+08
1.96091e+08
1.51492e+08
1.49781e+08
1.49072e+08
1.79739e+08
1.46905e+08
1.97395e+08
2.19431e+08
2.17384e+08
1.03025e+08
2.2522e+08
1.45222e+08
2.22627e+08
1.50965e+08
1.47903e+08
1.4563e+08
1.444e+08
2.18992e+08
1.5587e+08
1.4131e+08
2.13512e+08
9.92609e+07
9.80972e+07
9.79477e+07
1.46674e+08
2.12363e+08
9.7026e+07
1.42322e+08
1.87069e+08
2.19432e+08
1.38772e+08
2.18762e+08
2.12132e+08
2.08603e+08
2.16984e+08
2.21951e+08
2.20014e+08
1.47078e+08
1.49091e+08
1.40506e+08
1.36062e+08
2.08048e+08
1.37214e+08
1.38157e+08
1.38709e+08
1.82156e+08
1.60585e+08
9.23238e+07
1.3526e+08
2.15624e+08
9.36168e+07
2.09764e+08
1.35859e+08
1.39986e+08
2.10992e+08
1.37936e+08
1.336e+08
2.09747e+08
2.02687e+08
1.36883e+08
2.09029e+08
1.32322e+08
1.2894e+08
8.95812e+07
2.07899e+08
1.36782e+08
1.40677e+08
1.98049e+08
1.31811e+08
1.97153e+08
2.08647e+08
1.40463e+08
1.95808e+08
8.65187e+07
8.51242e+07
1.58392e+08
1.30363e+08
1.97381e+08
2.00132e+08
2.03274e+08
1.24961e+08
9.33213e+07
1.92045e+08
1.34753e+08
1.28239e+08
1.94467e+08
2.02673e+08
9.17823e+07
8.15883e+07
1.26838e+08
1.29173e+08
8.05258e+07
1.21611e+08
1.21439e+08
8.03762e+07
1.2255e+08
1.8765e+08
7.8931e+07
8.01112e+07
1.23331e+08
7.82117e+07
1.24996e+08
7.98247e+07
7.6897e+07
1.18111e+08
1.90422e+08
1.96676e+08
1.84158e+08
1.93856e+08
1.89878e+08
7.63821e+07
1.90296e+08
1.13149e+08
1.01911e+08
1.15839e+08
1.11594e+08
1.85207e+08
1.90044e+08
1.56533e+08
1.11294e+08
1.14324e+08
6.89975e+07
6.88395e+07
1.84353e+08
1.57797e+08
6.77731e+07
1.76547e+08
1.09126e+08
1.85744e+08
1.07531e+08
6.47357e+07
9.93256e+07
1.09648e+08
6.43977e+07
6.51934e+07
1.76584e+08
1.7629e+08
1.74422e+08
1.04526e+08
1.56772e+08
6.53948e+07
6.39626e+07
1.08848e+08
1.09103e+08
1.80041e+08
1.79901e+08
1.07913e+08
6.22642e+07
1.03628e+08
1.77424e+08
8.88044e+07
1.53291e+08
6.21464e+07
1.05103e+08
6.27016e+07
6.22813e+07
1.76306e+08
1.07493e+08
1.06178e+08
6.12362e+07
9.92069e+07
1.72047e+08
1.67224e+08
1.0433e+08
1.01003e+08
1.01445e+08
1.01787e+08
1.00854e+08
1.08562e+08
1.72626e+08
1.05182e+08
1.02248e+08
1.72861e+08
5.8542e+07
1.12119e+08
1.04161e+08
1.01693e+08
1.10369e+08
9.87931e+07
1.71931e+08
5.76395e+07
5.61236e+07
1.67773e+08
1.62883e+08
1.02611e+08
9.87904e+07
9.98875e+07
5.83022e+07
5.7348e+07
5.73898e+07
5.74557e+07
9.85365e+07
1.0267e+08
1.66286e+08
1.67734e+08
1.00221e+08
1.6115e+08
7.97114e+07
9.56832e+07
1.69769e+08
5.64192e+07
1.69339e+08
1.62639e+08
5.33198e+07
1.59305e+08
1.6208e+08
9.39727e+07
9.48042e+07
9.23914e+07
9.39091e+07
1.6278e+08
9.2438e+07
5.25884e+07
1.60515e+08
9.84463e+07
4.93176e+07
9.43188e+07
1.66611e+08
1.63506e+08
5.35438e+07
1.56479e+08
1.56615e+08
1.61211e+08
9.70618e+07
1.38326e+08
9.15233e+07
5.37048e+07
8.90999e+07
9.37758e+07
1.651e+08
8.90775e+07
9.59464e+07
9.11086e+07
1.66023e+08
5.08013e+07
5.84604e+07
9.60515e+07
9.68798e+07
5.08896e+07
9.39209e+07
9.29289e+07
5.05566e+07
9.14994e+07
6.17858e+07
9.58185e+07
9.27789e+07
1.59238e+08
1.53982e+08
1.44157e+08
1.59379e+08
8.61116e+07
1.55255e+08
1.54611e+08
8.92202e+07
1.57097e+08
1.54237e+08
1.35013e+08
8.42641e+07
1.57987e+08
6.12472e+07
8.4454e+07
8.86393e+07
4.31578e+07
4.28875e+07
7.63107e+07
1.57794e+08
4.38209e+07
8.58095e+07
8.18761e+07
4.17254e+07
8.41391e+07
8.32682e+0