[array([[[[  2.14945618e-02,  -2.12783907e-02,  -2.34156940e-02, ...,
           -4.92454413e-03,   3.82096320e-03,   2.56449599e-02],
         [  3.29261012e-02,  -2.11012866e-02,  -6.73917355e-03, ...,
           -5.27302250e-02,   3.91967185e-02,   1.76461879e-02],
         [  1.03315497e-02,   3.90593074e-02,   2.75006834e-02, ...,
           -4.34045196e-02,   2.73318179e-02,   5.05771823e-02],
         [  2.94943396e-02,   2.98956838e-02,  -4.78000678e-02, ...,
            6.20851573e-03,  -3.36022116e-02,   3.81525122e-02]],

        [[  5.23388870e-02,   7.82427657e-03,  -4.61933464e-02, ...,
           -2.99563520e-02,   1.03662200e-02,  -2.82349288e-02],
         [  7.53366575e-03,  -3.74753028e-02,   4.95504169e-03, ...,
            2.55586244e-02,   4.79733683e-02,  -5.15234657e-02],
         [ -3.72508317e-02,   2.14222725e-02,  -4.76955026e-02, ...,
            3.41425203e-02,  -3.28684971e-03,   2.37184558e-02],
         [ -1.70375984e-02,  -1.58647466e-02,  -4.72488925e-02, ...,
            1.20384954e-02,  -7.25659356e-03,  -3.50236557e-02]],

        [[ -1.04457163e-03,  -8.04595836e-03,   1.35680642e-02, ...,
           -3.41588594e-02,   1.39299668e-02,  -5.04864566e-03],
         [ -3.51289138e-02,   1.55209098e-02,  -1.88274086e-02, ...,
            4.68695723e-02,   5.17126732e-02,   4.21968661e-03],
         [  4.36180793e-02,   4.80081104e-02,   4.45732818e-04, ...,
           -4.29605171e-02,  -4.78010736e-02,   5.29825427e-02],
         [  4.54495810e-02,   3.90267186e-02,  -2.57780161e-02, ...,
           -5.88160288e-03,  -5.24862595e-02,   4.50086407e-02]],

        ..., 
        [[ -3.91631909e-02,  -1.31071429e-03,  -1.25984084e-02, ...,
            4.62986119e-02,  -4.57818620e-02,  -2.24030558e-02],
         [  5.18171489e-02,  -3.14313471e-02,  -2.65455302e-02, ...,
           -4.61310931e-02,  -7.63288140e-03,  -2.08774898e-02],
         [ -2.87586544e-02,  -1.84266339e-03,  -5.11793047e-03, ...,
           -1.05537772e-02,   4.32383828e-02,  -3.24632376e-02],
         [ -1.68926660e-02,  -1.98472869e-02,  -1.25900079e-02, ...,
           -3.46947685e-02,   2.28352062e-02,   1.23540601e-02]],

        [[  2.34044734e-02,  -2.35611927e-02,   2.02113762e-02, ...,
            3.15636955e-02,   1.25842802e-02,   4.70388196e-02],
         [  2.15946231e-02,   3.40180770e-02,   2.25007460e-02, ...,
           -3.25249583e-02,   8.06271657e-03,   6.31063012e-03],
         [  4.87980619e-02,   5.48864901e-03,   9.90806427e-03, ...,
            1.64070167e-02,   4.11561318e-02,   2.13069860e-02],
         [ -1.98843572e-02,  -4.50240970e-02,   4.32679616e-02, ...,
           -1.98391303e-02,  -4.42899764e-03,   3.58449407e-02]],

        [[ -1.70663018e-02,  -3.20421159e-02,  -1.17279561e-02, ...,
           -3.36603075e-02,   3.05078290e-02,   2.66849194e-02],
         [ -3.96194756e-02,  -2.62792632e-02,  -3.40856500e-02, ...,
            9.15684830e-03,   4.12212871e-02,  -2.72517763e-02],
         [ -3.15021090e-02,   2.99704424e-03,   4.20387946e-02, ...,
           -1.33003416e-02,  -1.90801993e-02,   8.66803620e-03],
         [  6.89140707e-03,   2.56775413e-02,   6.98724808e-03, ...,
            2.77923793e-03,  -3.12296152e-02,   2.73802895e-02]]],


       [[[  2.51562670e-02,   2.21072398e-02,  -3.26621113e-03, ...,
           -5.31897396e-02,  -4.54233661e-02,  -3.11541371e-02],
         [ -4.34990451e-02,  -6.95051765e-03,  -1.25537971e-02, ...,
            1.91871915e-02,  -3.42052281e-02,   4.72243242e-02],
         [  6.20587869e-03,  -3.67944799e-02,   5.02154939e-02, ...,
            3.73879261e-03,  -4.91364598e-02,   3.70048569e-03],
         [ -1.93821564e-02,  -6.22107601e-03,   2.67445724e-02, ...,
            2.08477005e-02,  -3.62116769e-02,  -1.61661599e-02]],

        [[  8.89053475e-03,   3.19636688e-02,  -2.76616085e-02, ...,
            1.27256047e-02,   4.69140671e-02,  -3.92207019e-02],
         [  3.35282125e-02,   4.81393114e-02,   1.02002593e-03, ...,
           -4.85976227e-02,   7.78703019e-03,  -1.27705373e-02],
         [  2.76736692e-02,   5.20700961e-02,   1.77671050e-03, ...,
           -5.21250926e-02,  -1.65794045e-03,  -4.23103608e-02],
         [  5.31851090e-02,   2.38695089e-02,  -4.05310765e-02, ...,
           -5.01059480e-02,  -1.76035948e-02,   4.48148288e-02]],

        [[ -2.91112009e-02,  -6.25858782e-03,   2.32067779e-02, ...,
           -1.56963486e-02,   3.21521275e-02,   1.95223223e-02],
         [  3.75451259e-02,   2.66614389e-02,  -1.85380168e-02, ...,
            1.09996190e-02,  -4.79635336e-02,  -5.26687615e-02],
         [ -1.93289109e-02,   1.08487038e-02,  -2.95652146e-03, ...,
           -2.76263691e-02,  -2.93163266e-02,  -7.04069994e-03],
         [  2.76550204e-02,  -5.43652801e-03,   3.42071243e-02, ...,
           -1.09225223e-02,  -4.74014282e-02,   5.29757887e-02]],

        ..., 
        [[ -2.11334247e-02,   1.50633985e-02,   3.51548530e-02, ...,
           -2.89389268e-02,   1.53581388e-02,  -4.36261781e-02],
         [  5.35927676e-02,   4.22340557e-02,   4.84633483e-02, ...,
           -3.50105502e-02,  -3.31133157e-02,   9.31868143e-03],
         [  5.06607331e-02,   1.79173164e-02,   9.35124420e-03, ...,
            1.19752251e-02,  -3.69519815e-02,  -5.05867116e-02],
         [  9.36137978e-03,  -2.95023285e-02,  -4.89235483e-03, ...,
           -3.55422907e-02,  -2.53680702e-02,   2.27388497e-02]],

        [[ -1.54505325e-02,  -4.30750474e-02,   2.98071131e-02, ...,
            5.89583442e-03,   3.67677957e-03,   3.45398597e-02],
         [ -3.82749992e-03,   2.40354650e-02,   3.02288011e-02, ...,
           -3.49553563e-02,  -1.73166767e-03,  -4.55924347e-02],
         [  2.98578013e-02,  -3.75599563e-02,   2.79499590e-02, ...,
           -9.51725582e-04,  -4.04671431e-02,   4.69878502e-02],
         [ -4.16148193e-02,   2.30240785e-02,   4.32468439e-03, ...,
           -3.70272323e-02,  -2.65892614e-02,  -1.86992008e-02]],

        [[  8.16716067e-03,   3.28604653e-02,   1.45176062e-02, ...,
            2.33210512e-02,  -4.92553003e-02,  -1.21510243e-02],
         [ -2.88541876e-02,   2.53299437e-02,   2.74501964e-02, ...,
           -1.95804425e-02,  -4.98859957e-02,  -2.69306416e-04],
         [  1.05608795e-02,   4.68835980e-02,   1.40372757e-02, ...,
           -4.40121777e-02,  -3.77871431e-02,   1.57088209e-02],
         [  2.63952333e-02,   5.22482544e-02,  -2.68279444e-02, ...,
            2.72890739e-02,  -1.97012946e-02,   4.73787375e-02]]],


       [[[  5.13044409e-02,   9.04077571e-03,   7.88375735e-03, ...,
           -1.77676808e-02,   3.03041227e-02,   2.46727578e-02],
         [ -5.40040545e-02,  -8.48637370e-04,   2.75229923e-02, ...,
            2.55473908e-02,   3.77234332e-02,  -4.20255363e-02],
         [  2.12774649e-02,  -3.22755761e-02,   3.98107506e-02, ...,
           -3.75448652e-02,   5.16925640e-02,   4.00489196e-04],
         [ -2.13124529e-02,   4.93912101e-02,  -5.00148982e-02, ...,
            4.11279127e-02,   4.07301299e-02,  -3.48865092e-02]],

        [[ -1.79532208e-02,  -4.84420322e-02,  -1.48248300e-02, ...,
            4.30231169e-02,  -1.12074167e-02,  -2.51815561e-02],
         [  8.24893918e-03,   4.88405004e-02,   4.88350540e-02, ...,
           -4.18215655e-02,  -3.89129668e-03,  -3.30382064e-02],
         [  9.49182641e-03,   3.50212231e-02,   2.10249312e-02, ...,
            7.87533727e-03,  -2.65517086e-02,   3.97127680e-02],
         [ -1.77546032e-02,   5.31329438e-02,   1.30769126e-02, ...,
            2.47255918e-02,  -2.49419790e-02,   4.77419086e-02]],

        [[  3.04605737e-02,  -4.89151217e-02,   3.22300754e-02, ...,
           -3.32354680e-02,   4.71973531e-02,  -5.59618603e-03],
         [  1.33927716e-02,  -2.14664862e-02,  -2.10726820e-02, ...,
            2.93752807e-03,  -3.72485220e-02,   1.97763629e-02],
         [ -5.20246811e-02,   2.31017098e-02,  -9.31451097e-03, ...,
           -2.40126885e-02,  -3.98283564e-02,  -7.07619498e-03],
         [  2.69917026e-02,  -4.52219285e-02,  -2.91698128e-02, ...,
            4.34484221e-02,   3.07024010e-02,   3.10622416e-02]],

        ..., 
        [[ -5.15709482e-02,   1.52599541e-02,  -1.98416822e-02, ...,
            8.43884249e-04,   5.27862459e-03,   3.53779271e-02],
         [  4.87308241e-02,  -3.54720652e-02,   3.61493640e-02, ...,
            4.98171188e-02,  -3.54148969e-02,  -2.97336541e-02],
         [ -5.38199767e-03,  -5.15543669e-02,  -3.48532994e-05, ...,
            3.31270657e-02,   4.63774167e-02,  -3.50244977e-02],
         [ -4.66679446e-02,  -2.15752181e-02,   1.47322901e-02, ...,
           -3.70019600e-02,   5.04021011e-02,  -3.91811542e-02]],

        [[ -2.38055792e-02,   4.37153801e-02,   3.07613723e-02, ...,
            3.42464112e-02,   4.95596714e-02,   3.15830335e-02],
         [  4.01095040e-02,  -4.16168151e-03,   2.84621250e-02, ...,
            3.43164206e-02,   3.35877948e-02,   4.35044542e-02],
         [ -2.80749965e-02,   8.55876692e-03,  -3.83112505e-02, ...,
           -4.79048491e-02,   2.00061463e-02,  -1.27108721e-02],
         [ -5.38216718e-02,  -5.38169779e-02,   3.32035981e-02, ...,
            5.20265214e-02,  -5.27360849e-02,   4.07674164e-02]],

        [[ -4.06266451e-02,  -8.72780941e-03,   5.21123074e-02, ...,
            1.90814566e-02,   2.99701206e-02,   2.37726904e-02],
         [ -1.03205321e-02,   3.59043702e-02,  -8.79279897e-03, ...,
            4.18404005e-02,   3.53247039e-02,  -1.59854665e-02],
         [ -4.23377305e-02,  -4.48536240e-02,   5.19926436e-02, ...,
           -3.19124013e-02,  -1.80662200e-02,   6.01573708e-03],
         [ -3.51597667e-02,  -1.41519997e-02,   5.07824235e-02, ...,
            2.85960920e-02,   1.11459754e-02,  -3.98691595e-02]]],


       ..., 
       [[[ -5.40917069e-02,   6.61281170e-03,  -3.71278450e-02, ...,
            1.66399293e-02,   1.38024651e-02,  -4.06928733e-02],
         [  4.30811010e-02,   3.40419561e-02,  -1.98732619e-03, ...,
           -1.32080745e-02,  -4.73490208e-02,  -3.27873789e-02],
         [ -5.00925370e-02,   3.31379250e-02,   1.50116312e-03, ...,
            2.81030722e-02,   1.60279460e-02,  -4.35115881e-02],
         [  2.64602564e-02,   5.14768958e-02,   2.56848205e-02, ...,
            1.98681764e-02,  -4.63997200e-02,   1.34499324e-02]],

        [[  1.83983631e-02,  -2.59423740e-02,   4.98248590e-03, ...,
           -4.44933176e-02,  -4.42378074e-02,  -3.23565379e-02],
         [  2.79460810e-02,  -2.15180088e-02,   7.24901911e-03, ...,
           -8.30101781e-03,   2.46561132e-02,   3.56812142e-02],
         [ -8.30189046e-03,  -3.85709554e-02,  -3.74274701e-02, ...,
            1.73719731e-04,  -2.84752995e-03,  -2.39739027e-02],
         [ -4.79860902e-02,  -2.88581587e-02,   5.27096502e-02, ...,
           -1.80768929e-02,   7.06120208e-03,   4.00928454e-03]],

        [[  5.40846176e-02,   4.05417830e-02,  -5.01504391e-02, ...,
           -1.45523036e-02,   3.31553854e-02,   3.87661867e-02],
         [ -4.83300276e-02,  -2.61991546e-02,   5.03015444e-02, ...,
           -4.83907945e-02,  -3.44749987e-02,  -9.76990256e-03],
         [  4.64670025e-02,   4.77210758e-03,   1.97567716e-02, ...,
            5.14299050e-02,  -5.56637347e-03,  -8.56650714e-03],
         [ -1.27950264e-02,   2.82744523e-02,  -2.82136369e-02, ...,
           -2.65288781e-02,   2.38108588e-03,   4.90311049e-02]],

        ..., 
        [[  4.59287725e-02,   4.15067635e-02,   6.31469442e-03, ...,
           -3.96429524e-02,   5.35321794e-02,   3.20827998e-02],
         [  3.60674150e-02,   2.43569538e-02,   4.62902710e-02, ...,
            3.02983467e-02,  -1.27360933e-02,   8.70295893e-03],
         [ -7.89445185e-04,  -1.39322784e-02,   4.25482988e-02, ...,
            4.07867059e-02,   1.62151048e-03,   8.52300506e-03],
         [  4.45266031e-02,  -4.04838994e-02,   1.97815690e-02, ...,
           -4.43025716e-02,   9.62905958e-03,   2.72954870e-02]],

        [[ -4.09455374e-02,  -2.17094496e-02,  -4.38785441e-02, ...,
            2.60348488e-02,   3.08449788e-04,  -4.94262502e-02],
         [ -3.96855138e-02,   2.11163908e-02,  -2.09118403e-03, ...,
           -3.38460691e-02,   3.18379216e-02,  -2.70246305e-02],
         [  3.39559726e-02,  -2.96573509e-02,  -4.48814631e-02, ...,
            7.82902353e-03,   3.01010795e-02,   5.24912141e-02],
         [  2.76799463e-02,   4.43626419e-02,  -4.80908975e-02, ...,
            1.57980118e-02,  -2.52173413e-02,  -2.50492301e-02]],

        [[ -1.69569515e-02,   3.90422493e-02,   5.16950451e-02, ...,
           -6.02601096e-04,   5.00446968e-02,  -8.55819602e-03],
         [ -4.47523594e-02,   4.71253768e-02,  -2.79942155e-02, ...,
            3.26786190e-02,  -3.42796221e-02,   2.90154908e-02],
         [  5.42065687e-03,  -3.40450816e-02,   1.40558034e-02, ...,
           -6.37786696e-03,   2.34949775e-02,  -2.84117293e-02],
         [  1.18209627e-02,  -1.84061192e-02,   2.09528524e-02, ...,
           -1.60124842e-02,  -3.37695479e-02,  -5.30657880e-02]]],


       [[[  3.75670055e-03,   2.74598934e-02,  -1.53920613e-02, ...,
            7.40007265e-03,  -5.11035249e-02,  -4.48464602e-02],
         [ -3.90925631e-02,  -5.15852123e-02,   4.20797206e-02, ...,
           -1.49504542e-02,   5.24896123e-02,   2.62826402e-03],
         [  8.51368625e-03,   4.88080308e-02,  -1.39727183e-02, ...,
           -2.38053780e-02,  -1.26833394e-02,   2.53606234e-02],
         [ -1.59469582e-02,   3.51877809e-02,  -3.95271927e-02, ...,
           -4.77201603e-02,  -1.48222670e-02,  -4.43754233e-02]],

        [[ -1.95703767e-02,   1.49710542e-02,  -2.38437904e-03, ...,
            5.29351160e-02,  -3.52336839e-03,   1.98381860e-02],
         [  4.71622236e-02,   4.96581644e-02,   3.90851907e-02, ...,
            1.41245499e-02,   5.65594807e-03,   1.10442340e-02],
         [  4.12758328e-02,   4.16919068e-02,   3.91843356e-02, ...,
           -5.14889620e-02,  -4.41668555e-02,  -9.42347746e-04],
         [ -1.78613067e-02,  -4.39351387e-02,   5.21262325e-02, ...,
            5.26176095e-02,  -4.44064327e-02,  -4.06154729e-02]],

        [[ -2.99227871e-02,  -1.04565928e-02,  -6.03128504e-03, ...,
           -7.10913492e-03,  -2.93899868e-02,   2.88728792e-02],
         [  5.63105708e-03,  -2.79673040e-02,  -5.22483811e-02, ...,
            1.18495151e-02,  -4.82684486e-02,  -2.97429096e-02],
         [ -3.35010663e-02,  -4.79549542e-02,   1.72512997e-02, ...,
            5.94797730e-03,  -3.78639027e-02,   3.24579468e-03],
         [  1.18598090e-02,   1.48202917e-02,   7.32821319e-03, ...,
            3.24105495e-03,  -1.01956837e-02,  -5.35383495e-03]],

        ..., 
        [[ -4.65774834e-02,  -4.44885381e-02,   4.37511094e-02, ...,
           -3.83586399e-02,  -4.57480662e-02,   3.50771360e-02],
         [ -3.74076776e-02,  -3.57503392e-04,  -2.69327965e-02, ...,
            4.43258211e-02,   2.69114263e-02,  -4.90219332e-02],
         [  2.27191783e-02,  -1.72574427e-02,   2.90842773e-03, ...,
            1.61127206e-02,  -2.08681077e-02,   2.85325870e-02],
         [  5.72860427e-03,   7.94144173e-04,   3.67663391e-02, ...,
           -1.57256033e-02,   2.40612663e-02,   1.99186262e-02]],

        [[  3.73914056e-02,  -3.46379578e-02,  -3.40570360e-02, ...,
           -4.64339145e-02,  -1.97126269e-02,  -1.32034542e-02],
         [  3.38491313e-02,   3.18137072e-02,   2.28844825e-02, ...,
            1.12512405e-03,  -1.10200420e-02,   3.45658399e-02],
         [  1.57308914e-02,   3.64500401e-03,   1.34584010e-02, ...,
            4.23979834e-02,   1.09634660e-02,   3.13923471e-02],
         [  1.45360511e-02,  -3.39421704e-02,  -8.96073133e-03, ...,
           -3.37221473e-02,   2.20084153e-02,  -2.76551805e-02]],

        [[ -3.59941386e-02,   1.22339632e-02,  -5.40836975e-02, ...,
            1.19675566e-02,   2.58248858e-02,   5.14429100e-02],
         [ -1.00399982e-02,   1.77804809e-02,  -2.59088147e-02, ...,
           -2.65079234e-02,  -2.24195770e-04,  -2.55941059e-02],
         [  1.44949239e-02,   3.92232873e-02,   3.62301506e-02, ...,
           -4.55694087e-02,   4.04480286e-02,   4.14396711e-02],
         [  3.16355713e-02,  -2.15468388e-02,   1.67870987e-02, ...,
           -5.03303967e-02,   4.79148291e-02,  -3.96462977e-02]]],


       [[[ -4.59148735e-02,  -1.09962616e-02,   4.86772545e-02, ...,
           -1.29381183e-03,   3.76584046e-02,   8.31403211e-03],
         [ -1.12932152e-03,  -3.56164090e-02,   4.69813459e-02, ...,
            3.19280922e-02,  -3.48736569e-02,   1.37560591e-02],
         [ -1.79317407e-02,  -1.22597162e-02,  -4.94246669e-02, ...,
           -3.37820016e-02,  -2.88675241e-02,  -2.03903504e-02],
         [ -4.29538451e-02,   4.69597541e-02,  -4.13220227e-02, ...,
           -6.06327830e-03,  -1.08921789e-02,  -4.05233204e-02]],

        [[ -2.10076086e-02,  -3.64575684e-02,  -4.19986621e-02, ...,
            2.13271659e-02,  -4.98780459e-02,  -4.38661091e-02],
         [ -2.28250772e-02,  -3.24410200e-02,   2.42966767e-02, ...,
           -2.60457508e-02,  -4.26885746e-02,   5.38456626e-02],
         [ -4.30920348e-03,   3.72229926e-02,  -1.30910529e-02, ...,
            9.56366211e-03,  -2.38571521e-02,   1.00164339e-02],
         [  8.80014268e-04,   3.91270034e-02,   4.40054061e-03, ...,
            3.40637416e-02,   4.52306457e-02,  -3.11063919e-02]],

        [[  2.81780697e-02,  -4.23374772e-02,  -4.80456352e-02, ...,
           -4.65117348e-03,   5.39239980e-02,  -4.70676944e-02],
         [  4.40339111e-02,   3.03082503e-02,   1.23228701e-02, ...,
           -1.58955157e-03,  -3.77487540e-02,   1.73599645e-02],
         [ -2.20772065e-02,  -1.80931948e-02,  -1.85410511e-02, ...,
            4.61244881e-02,   3.93613167e-02,   4.51592319e-02],
         [ -1.41590275e-02,   4.22616415e-02,   1.33339735e-02, ...,
           -3.47888432e-02,  -1.68375671e-02,   4.30420600e-02]],

        ..., 
        [[  1.22130848e-02,   3.36298235e-02,  -4.71463539e-02, ...,
            9.46402643e-03,  -3.36351665e-03,  -2.35266965e-02],
         [ -3.72945815e-02,   8.04401282e-03,  -4.81301881e-02, ...,
           -4.92875762e-02,  -1.21897049e-02,  -4.93662953e-02],
         [  2.78591178e-02,  -1.96807389e-03,  -5.50130429e-03, ...,
            1.36667425e-02,  -2.32182886e-03,  -5.55106997e-03],
         [  5.16852848e-02,   1.73296016e-02,  -2.85346974e-02, ...,
            3.84032577e-02,  -1.66798867e-02,  -3.04371826e-02]],

        [[ -1.41850673e-02,  -5.13501912e-02,   5.28572537e-02, ...,
            1.39022255e-02,  -3.93743552e-02,   2.52965149e-02],
         [ -2.90392358e-02,  -1.53585179e-02,   4.52208780e-02, ...,
           -2.31945813e-02,  -2.13567838e-02,   2.97836270e-02],
         [ -4.30840142e-02,   2.98911016e-02,  -8.76160245e-03, ...,
           -1.89013537e-02,  -5.28543293e-02,   5.23432232e-02],
         [  4.50571664e-02,   1.46857547e-02,   1.01540731e-02, ...,
            4.32676896e-02,  -1.16026253e-02,   5.25124855e-02]],

        [[ -1.75336914e-04,  -4.62287012e-03,   5.26422672e-02, ...,
           -3.30802910e-02,  -3.61648314e-02,  -4.01208699e-02],
         [ -2.27395073e-02,   1.54881077e-02,  -4.13860194e-02, ...,
            2.04102825e-02,  -1.66304074e-02,  -3.37650701e-02],
         [  1.99872516e-02,   1.86468791e-02,  -2.87784301e-02, ...,
            2.26777699e-02,   4.23297845e-02,  -4.11151722e-03],
         [ -1.05206370e-02,   2.79420819e-02,   3.26036923e-02, ...,
            1.78130399e-02,   2.16865130e-02,   2.88304873e-02]]]], dtype=float32), array([  5.86756208e-08,  -1.32365485e-09,  -2.67816720e-08,
        -7.57426548e-08,  -4.20135642e-08,   3.05906056e-08,
         2.13666560e-08,   1.41206540e-08,  -2.35491360e-08,
        -3.71623479e-08,  -3.74080003e-08,  -5.95748206e-09,
        -1.41308307e-08,   1.19478072e-08,   4.59070897e-08,
        -1.19284813e-08,  -7.08876824e-09,  -2.23081731e-08,
         4.67155559e-09,  -7.00921454e-09,   5.56634419e-08,
         6.28161301e-09,  -2.65089035e-08,  -1.89277856e-08,
        -5.33837996e-09,  -5.16287315e-08,  -8.10058243e-09,
         1.86441209e-08,  -8.85546836e-09,  -3.89353758e-08,
        -2.15953744e-09,  -1.45517207e-08], dtype=float32), array([[[[ -4.56496701e-03,   1.45744300e-02,  -1.18612926e-02, ...,
            2.73516029e-03,   9.36308876e-03,   1.87086221e-02],
         [  4.99182381e-03,  -8.74232221e-03,   7.04613328e-03, ...,
           -6.91147696e-04,  -2.97649903e-03,   1.88118231e-03],
         [  1.01352921e-02,   5.95168769e-03,  -1.36015080e-02, ...,
           -1.48724886e-02,   7.89834186e-03,  -5.45213325e-03],
         ..., 
         [ -1.05732232e-02,  -9.46152769e-03,   1.67506840e-02, ...,
           -8.52285477e-04,   1.35104377e-02,   5.89847518e-03],
         [  1.34851318e-02,   1.27262492e-02,  -6.83522224e-03, ...,
           -5.64817060e-03,   1.71999503e-02,  -1.75087973e-02],
         [  1.14131477e-02,  -1.92117505e-03,   9.03307274e-03, ...,
           -6.56353822e-03,  -9.39127430e-03,   3.20339180e-03]],

        [[ -1.19328508e-02,   6.45444670e-04,  -5.65475877e-03, ...,
           -1.54788019e-02,   1.32131018e-02,   1.52720492e-02],
         [  7.25409109e-03,   6.81561884e-03,  -1.78654883e-02, ...,
            1.48484157e-02,   1.01365270e-02,   1.72978807e-02],
         [  1.29158916e-02,  -1.41256489e-02,  -1.35239484e-02, ...,
            6.16805628e-04,  -6.12134207e-03,   8.33956641e-04],
         ..., 
         [  1.90746796e-03,  -8.35680775e-03,   1.24917217e-02, ...,
            2.85423966e-03,   9.97393951e-03,   7.92361610e-03],
         [  5.68420999e-03,  -6.87478855e-03,  -3.22363712e-03, ...,
           -1.02646165e-02,   5.69739193e-03,  -1.75713133e-02],
         [  8.96272177e-05,  -7.19070714e-03,  -4.71368944e-03, ...,
            1.11208819e-02,   4.75555891e-03,   8.00167117e-03]],

        [[ -7.70265516e-03,  -1.81803163e-02,  -1.11369723e-02, ...,
           -1.61535814e-02,  -3.89803271e-03,  -1.37176476e-02],
         [ -1.63273513e-02,   1.59220062e-02,  -3.62529396e-03, ...,
            1.62357558e-02,  -1.13404505e-02,  -6.66472735e-03],
         [  1.30158644e-02,  -1.13494359e-02,  -5.95275033e-03, ...,
           -1.05547290e-02,  -2.16365256e-03,   5.74259926e-03],
         ..., 
         [ -7.07238214e-03,  -1.80430524e-02,  -4.25716490e-03, ...,
           -1.09259877e-02,  -5.29414788e-03,  -2.60855258e-03],
         [ -8.26334488e-03,   7.36152008e-03,  -1.29510071e-02, ...,
           -5.16353454e-03,   1.24509539e-02,   6.21612743e-03],
         [  1.60339419e-02,   8.01043957e-03,   1.01015856e-02, ...,
            1.08381743e-02,  -1.50767434e-02,   2.99051171e-03]],

        [[  2.97828205e-03,  -2.89738784e-03,  -1.01738311e-02, ...,
           -1.80197936e-02,  -1.35436729e-02,  -1.20424153e-02],
         [ -1.71180498e-02,  -9.57699493e-03,  -1.22709377e-02, ...,
           -3.45553388e-03,   7.44164409e-03,   3.28513491e-03],
         [ -1.32384002e-02,   1.74320955e-02,   7.09476415e-03, ...,
            3.88223375e-03,  -9.76618752e-03,  -2.35089683e-03],
         ..., 
         [ -2.39657797e-03,   1.25917941e-02,  -2.40635639e-03, ...,
           -1.84057057e-02,   1.45962946e-02,  -1.62756406e-02],
         [ -2.34185159e-03,  -1.63863450e-02,  -1.23666339e-02, ...,
           -2.76135281e-03,  -1.85920745e-02,  -1.32514499e-02],
         [  2.37976923e-03,  -8.02016351e-04,  -1.70990601e-02, ...,
            1.13408891e-02,  -1.81537233e-02,  -2.58344831e-03]]],


       [[[ -1.52143091e-02,   1.21772755e-03,  -1.53341540e-03, ...,
           -2.80863326e-03,  -1.46733709e-02,  -7.94949289e-03],
         [  1.24495616e-03,   1.26381153e-02,   1.55849271e-02, ...,
            5.60119690e-04,   6.30412577e-03,  -2.19528796e-03],
         [  1.65855344e-02,  -8.52226559e-03,  -1.52855115e-02, ...,
           -7.79665681e-03,  -1.77991558e-02,   1.14443507e-02],
         ..., 
         [  6.62027532e-03,   3.59422946e-03,   6.01487048e-03, ...,
           -3.48539092e-03,  -4.66649141e-03,   1.45361936e-02],
         [ -1.10315820e-02,   2.89332494e-03,  -9.00432281e-03, ...,
            1.31543037e-02,   7.94943422e-04,   3.45252641e-03],
         [  1.04692401e-02,   6.16784533e-03,  -1.42195933e-02, ...,
            1.37325581e-02,   1.03965215e-02,  -3.76629271e-03]],

        [[ -3.82135157e-03,  -1.95977092e-03,   1.06539475e-02, ...,
           -4.13161097e-03,  -5.12338430e-03,  -1.61458999e-02],
         [ -1.44779375e-02,  -4.74135252e-03,  -6.21998636e-03, ...,
            9.08759329e-03,  -1.91005766e-02,  -6.93117734e-03],
         [ -1.71649158e-02,   1.90929119e-02,   5.50803961e-03, ...,
           -7.23850541e-03,  -9.96020716e-03,   3.79041373e-03],
         ..., 
         [ -1.73286023e-03,   1.82101764e-02,   1.10244118e-02, ...,
            1.67697705e-02,   1.80615745e-02,  -3.99766909e-03],
         [  4.09655087e-03,   1.22895483e-02,  -1.93586387e-03, ...,
           -1.12409797e-02,  -1.31774684e-02,   6.87994994e-03],
         [  1.28183616e-02,  -9.14171396e-04,  -9.27888136e-03, ...,
           -1.47783905e-02,  -3.49558331e-03,  -1.51442643e-02]],

        [[ -8.81521963e-03,  -7.70053826e-03,  -1.81552246e-02, ...,
            1.60329156e-02,  -2.31593661e-03,   9.87277832e-03],
         [  1.28790671e-02,   9.32129391e-04,  -9.24390182e-03, ...,
           -4.21241624e-03,   3.73916398e-03,   1.78289767e-02],
         [  1.11786695e-02,  -3.91692575e-03,   9.48497746e-03, ...,
           -1.04817050e-02,  -7.64289731e-03,   8.38026125e-03],
         ..., 
         [ -1.73193477e-02,   1.04016718e-03,  -1.12956744e-02, ...,
            3.41541320e-03,   6.88213808e-03,  -9.71845444e-03],
         [  1.87223796e-02,  -1.29300747e-02,   2.69911624e-03, ...,
            2.63036229e-03,  -1.59484427e-02,   4.69107553e-03],
         [ -5.38649736e-03,   7.97971524e-03,   6.73849881e-03, ...,
            1.84774995e-02,  -2.05442123e-03,  -4.61947778e-03]],

        [[  1.48543697e-02,   9.34680924e-03,   6.69973483e-03, ...,
            9.09102906e-04,   6.67547993e-03,  -2.23604919e-04],
         [ -3.05348006e-03,  -1.50473332e-02,  -9.30101518e-03, ...,
           -1.80836320e-02,  -6.98240334e-03,   1.81540828e-02],
         [  1.90300550e-02,  -3.01726832e-04,  -6.56604068e-03, ...,
           -1.52812467e-03,  -1.00645293e-02,  -1.74156129e-02],
         ..., 
         [  1.10116806e-02,  -1.31363608e-02,   3.91654030e-04, ...,
            1.44159207e-02,  -1.58557463e-02,  -1.61143895e-02],
         [ -2.36549787e-03,  -1.35058882e-02,  -1.86192989e-02, ...,
           -1.51607543e-02,  -3.36816907e-03,   1.67232696e-02],
         [ -1.86263860e-04,   1.63984988e-02,   1.60799976e-02, ...,
           -1.71930287e-02,  -1.90711394e-02,  -1.44580621e-02]]],


       [[[  7.41634285e-03,  -1.96627271e-03,   1.13356737e-02, ...,
           -2.85839051e-04,   1.79149341e-02,  -1.84905306e-02],
         [  9.95646324e-03,   1.19053833e-02,  -1.83793157e-02, ...,
            4.32239554e-04,   1.09420903e-02,   3.37788719e-03],
         [  1.19880112e-02,   2.55403621e-03,  -7.93779641e-03, ...,
           -8.36551841e-03,   1.43210050e-02,  -8.77717230e-03],
         ..., 
         [  1.40803736e-02,   2.97738909e-04,  -3.88027262e-03, ...,
           -1.03451880e-02,   1.43402144e-02,  -1.64572112e-02],
         [  6.19327836e-03,  -1.27483848e-02,  -7.11253751e-03, ...,
           -3.66220158e-03,  -2.81827897e-03,   8.03990290e-04],
         [  7.35217938e-03,   5.63866815e-05,  -1.79808997e-02, ...,
           -1.06729865e-02,  -1.87280513e-02,   1.47242583e-02]],

        [[  1.09694852e-03,   6.10948447e-03,   6.38771337e-03, ...,
           -5.41028613e-03,  -1.07770385e-02,   1.43011454e-02],
         [ -9.93100740e-03,   1.67227723e-02,   2.61975080e-03, ...,
            5.05487574e-03,   5.41991601e-03,   4.75709233e-03],
         [ -1.23438118e-02,   5.78542333e-03,  -1.67729855e-02, ...,
           -1.71076134e-02,  -1.50862825e-03,   2.18060683e-03],
         ..., 
         [  1.43118445e-02,  -1.39203796e-04,   1.90850291e-02, ...,
           -8.20742361e-03,  -3.62860900e-03,  -1.07319159e-02],
         [ -3.27471457e-03,  -1.49320625e-03,   6.77950680e-04, ...,
            1.58493128e-02,   7.35978968e-03,   1.06893890e-02],
         [  6.04930753e-03,   1.03404596e-02,   1.07705062e-02, ...,
            1.69658866e-02,  -1.25656538e-02,   1.60386562e-02]],

        [[ -7.71432789e-03,   1.11088762e-02,   2.30050064e-03, ...,
            1.36951217e-02,  -2.70968280e-03,   1.82317458e-02],
         [ -1.42350579e-02,  -1.42947854e-02,   1.72626153e-02, ...,
           -1.66402068e-02,   1.38779581e-02,  -1.15345269e-02],
         [  1.21232467e-02,   1.69322938e-02,  -8.74867197e-03, ...,
            9.47694108e-03,  -5.41920122e-03,  -1.03918379e-02],
         ..., 
         [ -1.05650360e-02,  -1.44867823e-02,  -1.63364951e-02, ...,
           -4.38413808e-05,   7.17821112e-03,  -4.74604033e-03],
         [ -7.08555686e-04,   1.15437172e-02,  -1.72352456e-02, ...,
            1.71993840e-02,   4.62053902e-03,   4.98137064e-03],
         [ -9.52691771e-03,  -1.85510404e-02,  -1.20821679e-02, ...,
            1.86962616e-02,   4.43329616e-03,  -1.30505511e-03]],

        [[  1.85478684e-02,   1.13863004e-02,   8.25261232e-03, ...,
            1.00056110e-02,  -1.44695314e-02,  -1.26975272e-02],
         [  7.95644894e-03,   1.24222308e-04,  -6.56425487e-03, ...,
           -5.34165837e-03,   1.28798708e-02,   1.81343523e-03],
         [ -4.34859749e-03,  -1.74489655e-02,  -8.11698439e-04, ...,
           -2.53276550e-03,   1.11257355e-03,  -2.44110380e-03],
         ..., 
         [ -1.19297076e-02,   4.29668976e-03,  -1.84486546e-02, ...,
            8.88150278e-03,   1.53792677e-02,  -1.62988417e-02],
         [  1.73642244e-02,   4.71135974e-03,   1.25595052e-02, ...,
            1.15917102e-02,  -1.14861019e-02,  -1.54707059e-02],
         [  1.42482324e-02,   1.81659125e-04,  -1.65957189e-03, ...,
           -2.50519766e-03,   8.36449023e-03,   1.22739933e-02]]],


       [[[  4.77634167e-04,   2.63956119e-03,  -4.09396458e-03, ...,
            1.76592115e-02,   1.27382670e-03,  -9.69101954e-03],
         [  1.35442875e-02,  -6.59768516e-03,   1.32493936e-02, ...,
            1.84144806e-02,   1.32358819e-02,   1.57851074e-02],
         [  6.30894536e-03,   6.43198658e-03,   1.49711408e-02, ...,
            1.11552812e-02,   7.68943643e-03,   1.70002542e-02],
         ..., 
         [ -1.01255141e-02,  -1.87462922e-02,   1.33167300e-02, ...,
           -6.24662917e-03,   5.85987978e-03,   7.98405614e-03],
         [  3.98303010e-03,  -1.37034319e-02,   8.68401863e-03, ...,
            1.18710417e-02,  -4.22367855e-04,  -4.22084704e-03],
         [ -3.61859077e-03,   1.54286930e-02,  -3.90926003e-03, ...,
            8.45303200e-03,   2.45219748e-03,  -5.81028732e-03]],

        [[ -4.84263944e-03,  -2.50775134e-03,   7.65910139e-03, ...,
            3.23409401e-03,  -1.70420725e-02,   5.93593903e-03],
         [ -3.15974606e-03,  -7.84871727e-03,  -8.86024814e-03, ...,
           -1.71770379e-02,   8.26258329e-04,  -1.04196304e-02],
         [  1.79670174e-02,  -1.31009230e-02,  -2.88042380e-03, ...,
           -7.50156306e-03,  -1.63937137e-02,  -3.71769723e-03],
         ..., 
         [  6.80505112e-03,  -1.51170446e-02,  -2.39632907e-04, ...,
            1.58401597e-02,  -1.72847640e-02,   2.15971074e-03],
         [  1.04340781e-02,  -1.82684716e-02,   1.24741588e-02, ...,
            7.24475458e-03,  -1.27918199e-02,  -1.41771371e-02],
         [  1.59852840e-02,  -9.57219861e-03,   1.09460475e-02, ...,
            3.89311672e-03,   6.41513150e-03,  -9.53504071e-03]],

        [[  1.25713767e-02,   1.53700979e-02,  -7.12359743e-03, ...,
           -6.58325618e-03,   3.90135241e-03,   1.49901602e-02],
         [  2.80018518e-04,   4.90104826e-03,   1.04562624e-03, ...,
           -6.65273378e-03,  -2.29493715e-03,  -1.39641687e-02],
         [ -1.71235378e-03,   3.53512214e-03,  -1.30531350e-02, ...,
            1.22577464e-02,   1.90753080e-02,  -3.15347593e-03],
         ..., 
         [ -1.35421101e-02,   3.17003671e-03,  -1.37953404e-02, ...,
           -8.92214291e-03,  -7.38283060e-03,  -4.05256636e-03],
         [  3.07381363e-03,   1.76392626e-02,  -1.55806704e-03, ...,
            1.84259322e-02,  -1.06473947e-02,  -1.63588244e-02],
         [ -8.14704318e-03,   1.76003799e-02,  -4.03806008e-03, ...,
           -1.41665973e-02,  -1.60891507e-02,  -9.92193818e-03]],

        [[  6.11953298e-03,  -3.17509426e-03,   1.18679535e-02, ...,
            1.20803583e-02,   1.31734889e-02,   3.68626975e-03],
         [ -1.28148831e-02,  -7.44688045e-03,  -1.06924865e-02, ...,
            5.50553715e-03,  -1.47079527e-02,  -1.79621894e-02],
         [  1.68238450e-02,  -1.78931374e-02,   1.89759210e-02, ...,
           -8.40945635e-03,  -1.83645301e-02,   4.67228441e-04],
         ..., 
         [ -4.83360887e-03,   1.75630450e-02,  -1.28934421e-02, ...,
            2.43237708e-03,  -1.19989561e-02,   1.87879652e-02],
         [  1.60842109e-02,   1.52759533e-02,   1.36877503e-02, ...,
           -1.52572338e-02,   7.78784230e-03,  -5.01747895e-03],
         [  1.25022661e-02,   4.47642524e-03,   1.41183706e-02, ...,
           -1.03928102e-02,   8.60702619e-03,  -1.74740255e-02]]]], dtype=float32), array([ -1.45861677e-07,  -8.14203602e-08,   1.32965440e-07,
        -5.26917603e-08,  -3.70853854e-07,  -2.58404373e-08,
         2.21366861e-07,  -2.34898039e-08,  -2.74994818e-07,
         3.28546889e-07,  -7.56210810e-08,  -1.02811860e-07,
        -2.00150723e-07,  -2.52732217e-08,  -2.45352709e-07,
        -8.37891037e-08,   1.13274574e-07,  -3.96330933e-08,
        -3.10206838e-09,  -9.36715328e-09,   1.34574123e-07,
         6.40712443e-08,  -2.90828041e-07,  -1.51674854e-07,
         2.15618208e-08,   1.37384248e-07,   2.00508055e-07,
         5.20348848e-08,  -4.80160196e-08,   1.12778658e-07,
        -2.60714842e-07,   2.28784867e-08,   7.58810970e-08,
        -1.45160413e-07,  -7.42875184e-09,  -1.09399949e-07,
         5.33894671e-08,  -1.63008611e-08,  -9.95510590e-08,
        -1.50488063e-07,   7.98855737e-08,   1.86091285e-07,
         2.28726066e-07,   2.16708358e-07,  -7.29578487e-09,
         7.82268401e-08,  -8.07103504e-08,  -2.18723017e-07,
        -3.52789840e-07,   6.15062703e-08,  -2.47524468e-07,
         1.58416526e-07,  -4.50328983e-08,   8.81798030e-08,
        -2.86628143e-09,  -5.15232514e-08,  -1.28736506e-08,
         1.68008995e-07,  -4.09274818e-08,   6.61865300e-08,
        -4.39182060e-08,  -3.24696323e-08,  -7.57833618e-09,
        -7.74669076e-08], dtype=float32), array([[[[  3.63580883e-04,   1.12025030e-02,  -1.31112654e-02, ...,
            2.32757954e-03,   8.62298068e-03,  -4.63391468e-03],
         [  4.63292748e-03,   7.54596200e-03,   3.75684584e-03, ...,
           -2.32474925e-03,  -9.76280682e-03,  -1.42459180e-02],
         [  1.68435276e-03,   2.10525747e-03,  -6.21104101e-03, ...,
           -2.84366030e-03,   1.39400428e-02,  -4.91011422e-04],
         ..., 
         [  1.20337903e-02,   5.05220890e-03,  -5.65253431e-03, ...,
           -3.37772095e-03,  -4.96518146e-03,   1.50132347e-02],
         [ -1.14534870e-02,  -6.82108337e-03,  -1.25467323e-03, ...,
            1.11729382e-02,  -2.19116709e-03,   4.60068090e-03],
         [  4.20138240e-04,  -8.65111873e-03,  -1.22915097e-02, ...,
            1.39892967e-02,   7.38999993e-03,   1.27395596e-02]],

        [[ -8.93858075e-03,   9.56391450e-03,  -6.63043605e-03, ...,
           -1.01576522e-02,  -1.49606640e-04,  -3.34987557e-03],
         [  7.61392340e-03,  -6.96765352e-03,   1.21420585e-02, ...,
           -4.82402882e-03,   9.12082382e-03,  -1.50336139e-02],
         [  1.52916871e-02,   1.31337140e-02,   3.10941390e-03, ...,
            8.36739130e-03,  -1.55215133e-02,   3.17588425e-03],
         ..., 
         [ -5.02592325e-03,  -1.15942620e-02,   4.53439495e-03, ...,
            1.12522580e-02,   7.31880777e-03,   5.67564624e-04],
         [ -9.48775560e-04,  -1.32647492e-02,  -1.33372061e-02, ...,
           -1.48382196e-02,  -1.48626193e-02,  -5.29622380e-03],
         [ -7.48466328e-03,  -5.96539211e-03,  -5.75801451e-03, ...,
           -9.05201584e-03,   2.59988406e-03,  -8.60147644e-03]],

        [[  1.20151639e-02,   1.15707181e-02,   1.53707229e-02, ...,
            4.54269862e-03,  -6.49119355e-03,   7.78133795e-03],
         [ -1.55181177e-02,   5.97103080e-03,  -3.60990234e-04, ...,
           -1.72946986e-03,   9.87200066e-03,   2.46798084e-03],
         [  5.27285039e-03,  -3.48456716e-03,  -5.75283868e-03, ...,
           -6.88962685e-03,  -9.37991496e-03,   5.08127175e-03],
         ..., 
         [  9.17498022e-03,  -8.45362246e-03,   1.50311096e-02, ...,
           -3.54072009e-03,  -8.15722533e-03,  -4.15192032e-03],
         [  8.25295970e-03,   9.62850824e-03,   1.33449361e-02, ...,
           -2.88053788e-03,  -8.03278014e-03,  -7.31152017e-03],
         [  1.01321563e-02,   1.53464787e-02,   1.46400891e-02, ...,
           -8.89950781e-04,   6.06236467e-03,   1.31931445e-02]]],


       [[[ -6.66900352e-03,   2.81020254e-03,   4.51332331e-03, ...,
            1.17691401e-02,   8.30831751e-03,   9.39795468e-03],
         [  1.21195167e-02,  -1.00397319e-02,  -5.43047860e-03, ...,
            1.56145357e-02,  -1.17010586e-02,   1.11736683e-02],
         [  1.02604702e-02,   1.30223976e-02,   1.02403539e-03, ...,
            4.18515177e-03,  -8.44208151e-03,   1.38160819e-02],
         ..., 
         [ -1.58164278e-03,   2.79293978e-04,   1.38992220e-02, ...,
           -1.54794734e-02,  -1.23005947e-02,   1.03035774e-02],
         [ -1.34930946e-02,  -5.49781369e-03,  -1.43919617e-03, ...,
            1.18711554e-02,   6.78937789e-03,  -1.48173785e-02],
         [  1.21653005e-02,   4.44948301e-03,   6.82248315e-03, ...,
           -3.08162203e-06,  -5.36451489e-03,  -1.32212937e-02]],

        [[ -1.37509927e-02,   1.10580884e-02,  -2.76875868e-03, ...,
           -1.13286143e-02,   1.43649057e-02,  -6.51169941e-03],
         [ -2.44275481e-03,   6.11615926e-03,  -1.35051124e-02, ...,
            2.56652967e-03,  -1.68167800e-03,  -9.17203911e-03],
         [ -7.16324151e-03,   1.69074163e-03,   5.00063226e-03, ...,
            1.20734042e-02,   6.53648749e-03,   8.42662808e-03],
         ..., 
         [ -1.55707076e-02,   4.98081977e-03,  -1.20799094e-02, ...,
            4.88592591e-03,   1.20546976e-02,   3.04444414e-03],
         [  3.50156054e-03,   8.48512398e-04,   1.10119849e-03, ...,
           -4.58797859e-03,   7.29305297e-03,   1.51444506e-02],
         [  1.83658674e-03,  -1.44222556e-02,   9.86799970e-03, ...,
            6.71107881e-03,   1.09148370e-02,  -5.20355208e-03]],

        [[  2.91428342e-03,  -6.51273504e-03,   2.52734666e-04, ...,
           -1.60883472e-03,  -1.51629709e-02,  -1.45765748e-02],
         [ -8.36817175e-03,  -1.42328106e-02,  -5.45196584e-04, ...,
            6.70942757e-03,  -1.78915262e-03,   6.11787010e-03],
         [ -1.24187507e-02,   1.29791573e-02,   1.28541365e-02, ...,
            1.52136059e-02,  -5.90100652e-04,  -4.03334340e-03],
         ..., 
         [ -1.23108216e-02,   1.42424051e-02,  -1.05092041e-02, ...,
           -1.20349331e-02,  -1.25833591e-02,   3.16734193e-03],
         [  9.07983631e-03,  -1.41636105e-02,   7.32362084e-03, ...,
           -1.53649719e-02,  -5.00184344e-03,   1.07097523e-02],
         [ -1.34859607e-02,   6.49241777e-03,   7.22999498e-03, ...,
            1.15464469e-02,  -5.95889112e-04,  -1.69515237e-03]]],


       [[[  6.75782934e-03,   7.05680391e-03,  -5.21829724e-03, ...,
            8.30055773e-03,  -1.67597915e-04,  -9.69556719e-03],
         [  1.28738172e-02,  -9.52977315e-03,  -9.87648964e-03, ...,
           -5.87171316e-03,   5.95238991e-03,   1.28766652e-02],
         [ -1.40863843e-02,  -8.10417905e-03,  -8.99495929e-03, ...,
            1.54586919e-02,   2.44710338e-03,   6.43375330e-03],
         ..., 
         [  8.17371532e-03,  -2.00582319e-03,  -1.30953081e-02, ...,
           -1.53111760e-02,   7.92932510e-03,  -1.47402827e-02],
         [ -6.12957031e-03,  -7.37848319e-03,   6.56617852e-03, ...,
           -9.45228525e-03,  -5.43262949e-03,   9.63433739e-03],
         [ -9.28990915e-03,   9.16057732e-03,  -6.16352446e-03, ...,
            1.51434522e-02,   1.26444418e-02,  -9.20141523e-04]],

        [[  5.55635989e-03,   8.70024879e-03,  -1.00514255e-02, ...,
           -6.09510345e-03,  -1.23089291e-02,  -1.71237800e-03],
         [ -1.12102777e-02,   1.01713315e-02,  -1.13878958e-02, ...,
           -1.23279272e-02,  -4.29466181e-03,   7.30045931e-03],
         [  7.14059919e-03,  -4.85933200e-03,   5.13014570e-03, ...,
           -1.34413298e-02,  -2.47027609e-03,   5.69949718e-03],
         ..., 
         [  1.26522221e-02,  -2.73418799e-03,   1.50891244e-02, ...,
           -1.27030341e-02,  -4.52636182e-03,  -9.22080781e-03],
         [  4.74289060e-03,   1.06764697e-02,   5.43706398e-03, ...,
           -9.98148345e-04,  -3.93490028e-03,  -1.56171983e-02],
         [  1.41002183e-05,   1.01552717e-02,   9.62809846e-03, ...,
           -1.36658316e-02,  -1.26848761e-02,  -1.55472439e-02]],

        [[ -1.36851904e-03,  -1.44693693e-02,   1.83905518e-04, ...,
            1.67841045e-03,   4.67319973e-03,   9.50483233e-03],
         [  1.12129971e-02,  -1.27270184e-02,   5.58480271e-04, ...,
            1.46565707e-02,  -1.06325671e-02,  -1.48084410e-03],
         [ -3.03582125e-03,  -1.02648679e-02,   1.49122477e-02, ...,
           -1.21091446e-02,   1.92630454e-03,  -2.05709389e-03],
         ..., 
         [  1.52393356e-02,   1.30140707e-02,  -1.09679922e-02, ...,
           -9.51983314e-03,   7.88686797e-03,  -4.84012300e-03],
         [  1.32826120e-02,  -1.08985528e-02,  -1.51083618e-02, ...,
            7.95519631e-03,  -6.11417228e-03,  -9.19312146e-03],
         [  3.86181846e-03,  -1.28288083e-02,   1.92800746e-03, ...,
           -9.14949086e-03,   1.18003022e-02,  -1.48508269e-02]]]], dtype=float32), array([  1.88180877e-07,  -5.63555886e-07,  -4.16599619e-07,
        -1.16778062e-06,   2.24772663e-08,  -1.37724783e-06,
         2.38331245e-06,  -1.47803769e-06,  -1.74819263e-06,
        -8.40548864e-07,  -1.63236587e-06,  -2.08632423e-06,
        -2.85598844e-07,   2.32536672e-06,  -1.21887467e-06,
         1.16076467e-06,  -7.54714790e-07,   1.50888741e-06,
        -1.64791481e-06,  -5.46062836e-07,  -8.09710059e-08,
         2.02518862e-07,   1.41745232e-07,   6.28216071e-07,
         1.30615581e-06,  -1.07307216e-07,  -3.39257326e-07,
        -1.14320164e-06,   7.08541350e-08,   3.00351758e-07,
         5.69842996e-07,  -2.49251855e-08,   5.84338068e-07,
         7.32645105e-07,   4.64613464e-07,   1.29507555e-07,
         3.21039579e-07,  -5.78785830e-07,   5.06172171e-07,
         1.78142989e-06,   1.09456812e-06,  -8.93755328e-07,
         1.20100844e-06,  -8.53498747e-08,  -8.48373638e-09,
         1.54878467e-06,  -2.53519079e-06,   6.74939940e-07,
        -3.12833464e-07,   6.02443777e-07,  -7.27889926e-07,
         3.75434439e-07,  -8.54358404e-07,  -1.24234518e-07,
         7.26051326e-07,  -9.21137598e-07,  -8.98464179e-07,
        -8.20603873e-07,   1.05194397e-06,  -4.25329347e-07,
         2.10227668e-07,  -2.16662124e-06,   2.69042260e-07,
        -4.38766072e-08], dtype=float32), array([[-0.02217662,  0.00095476, -0.01305978, ..., -0.03794575,
         0.01081972,  0.04446582],
       [-0.04455182,  0.02544538, -0.00773339, ..., -0.04067544,
        -0.01550083, -0.04518821],
       [-0.02021995, -0.03305637,  0.02250738, ..., -0.04531606,
        -0.01702647, -0.01842971],
       ..., 
       [ 0.00514144,  0.01385581, -0.0053602 , ..., -0.00933266,
         0.02025668, -0.03708527],
       [ 0.00719083,  0.03153102, -0.04550084, ..., -0.04307055,
        -0.01142182, -0.02405821],
       [-0.04014718, -0.00490398, -0.02511454, ...,  0.0420788 ,
         0.02715492,  0.04598625]], dtype=float32), array([ -5.85569296e-07,   0.00000000e+00,   0.00000000e+00,
         0.00000000e+00,   0.00000000e+00,  -1.31117247e-06,
         1.03153880e-07,   6.68386008e-07,  -7.44472629e-07,
        -3.12604783e-07,  -7.29537931e-07,   0.00000000e+00,
         0.00000000e+00,   0.00000000e+00,   0.00000000e+00,
        -1.01215150e-07,   3.39636514e-08,  -3.36569002e-07,
         0.00000000e+00,   0.00000000e+00,   0.00000000e+00,
         0.00000000e+00,   0.00000000e+00,  -7.73871534e-07,
         0.00000000e+00,  -4.45764499e-07,   3.70219169e-07,
        -4.32300538e-07,  -4.05653310e-07,  -4.86707734e-07,
        -2.92846153e-07,  -9.41472464e-08,  -3.89172897e-07,
         0.00000000e+00,   4.13766458e-07,   0.00000000e+00,
         0.00000000e+00,   0.00000000e+00,   1.33380462e-09,
         3.45875222e-08,   0.00000000e+00,   0.00000000e+00,
        -3.54435173e-07,   0.00000000e+00,   0.00000000e+00,
         3.39169219e-07,   0.00000000e+00,   3.20863691e-08,
         1.44660319e-07,   1.63506044e-07,   0.00000000e+00,
         0.00000000e+00,   0.00000000e+00,   9.12711528e-07,
         7.55471206e-07,  -4.10788118e-07,   0.00000000e+00,
         7.85354359e-07,  -9.23573850e-07,  -4.80320104e-08,
         0.00000000e+00,   0.00000000e+00,  -5.36611992e-07,
         0.00000000e+00,  -6.61588444e-07,   2.56600060e-07,
         5.53144389e-07,   0.00000000e+00,  -6.50868117e-07,
         0.00000000e+00,   7.11677330e-08,   0.00000000e+00,
         3.54556079e-07,   0.00000000e+00,   0.00000000e+00,
        -1.01820035e-06,   0.00000000e+00,  -7.31751641e-07,
        -2.05262126e-07,  -3.63683696e-08,  -1.41211004e-07,
        -1.24706446e-06,  -8.67547840e-07,  -4.16803516e-07,
        -5.69606755e-07,   0.00000000e+00,   1.51425496e-07,
         0.00000000e+00,  -3.07254567e-07,   0.00000000e+00,
         0.00000000e+00,   1.08133952e-06,   4.60100637e-07,
         4.65483623e-07,   0.00000000e+00,   0.00000000e+00,
         3.38595754e-07,  -1.14549368e-06,   0.00000000e+00,
         0.00000000e+00,   0.00000000e+00,   0.00000000e+00,
        -4.10589138e-07,  -5.89415023e-08,   0.00000000e+00,
        -6.34946559e-07,   1.63770686e-08,  -1.28827674e-06,
         0.00000000e+00,   0.00000000e+00,   0.00000000e+00,
         0.00000000e+00,  -7.33252364e-07,   1.17852096e-06,
         0.00000000e+00,  -9.80684945e-07,   1.29121588e-06,
         0.00000000e+00,   1.08523147e-06,   0.00000000e+00,
        -1.63056313e-07,   0.00000000e+00,  -1.31556718e-07,
         3.36573805e-07,   0.00000000e+00,   0.00000000e+00,
        -4.94105223e-07,   0.00000000e+00,   0.00000000e+00,
         0.00000000e+00,   6.54858638e-07,   0.00000000e+00,
         5.88278567e-07,   0.00000000e+00,   0.00000000e+00,
        -4.87063744e-07,   2.20482193e-08,  -1.02691402e-07,
         4.12472957e-07,  -6.36529407e-08,   0.00000000e+00,
         0.00000000e+00,   0.00000000e+00,  -2.96463753e-07,
         0.00000000e+00,  -2.70496258e-07,   9.84797026e-08,
        -1.13029796e-06,   0.00000000e+00,   0.00000000e+00,
         0.00000000e+00,  -7.92809374e-08,  -1.32508285e-06,
         0.00000000e+00,   1.23341152e-07,  -9.90275680e-07,
         0.00000000e+00,   0.00000000e+00,   0.00000000e+00,
         2.75043675e-07,   5.93219625e-07,   3.71431327e-07,
         7.19208856e-07,  -4.11912112e-07,  -4.88444812e-07,
         6.25928294e-07,   0.00000000e+00,  -2.72479326e-07,
         0.00000000e+00,   0.00000000e+00,  -5.83958922e-07,
         0.00000000e+00,   1.22900872e-06,   0.00000000e+00,
         2.71356271e-07,  -1.69610672e-07,   0.00000000e+00,
         0.00000000e+00,   0.00000000e+00,  -7.17974160e-07,
         0.00000000e+00,  -4.94858945e-08,   1.96566567e-08,
         0.00000000e+00,   2.63222972e-07,   0.00000000e+00,
         0.00000000e+00,   0.00000000e+00,  -7.60308527e-09,
         0.00000000e+00,   6.11890698e-07,  -8.73597742e-07,
        -2.13570402e-07,   6.06464482e-07,   0.00000000e+00,
         0.00000000e+00,   0.00000000e+00,   0.00000000e+00,
         0.00000000e+00,   0.00000000e+00,   7.92996104e-08,
        -2.46263397e-07,   3.07411085e-07,  -1.38780604e-06,
         0.00000000e+00,   0.00000000e+00,  -1.99667653e-07,
         0.00000000e+00,   7.51842606e-07,   0.00000000e+00,
         8.91730494e-08,  -9.10907545e-07,   0.00000000e+00,
         0.00000000e+00,  -5.57046917e-07,   0.00000000e+00,
         0.00000000e+00,   0.00000000e+00,   0.00000000e+00,
         0.00000000e+00,   0.00000000e+00,  -3.22762048e-07,
         0.00000000e+00,  -7.15878286e-07,   0.00000000e+00,
        -1.16043304e-06,   3.84959264e-07,  -7.75222588e-07,
         1.35707296e-07,   4.33275005e-07,   0.00000000e+00,
         0.00000000e+00,  -4.43970322e-07,  -1.70493692e-07,
        -1.07813594e-06,   6.04828358e-07,  -3.37855482e-07,
         0.00000000e+00,  -9.99307417e-07,   1.10135670e-06,
         0.00000000e+00,   0.00000000e+00,   0.00000000e+00,
        -9.14607256e-07,   4.79228248e-08,   0.00000000e+00,
        -4.52701585e-07,   1.62066769e-07,  -1.10752796e-06,
        -1.31619174e-06,  -2.23749254e-07,   0.00000000e+00,
         5.10359882e-07,   0.00000000e+00,   0.00000000e+00,
         0.00000000e+00,   0.00000000e+00,   0.00000000e+00,
         0.00000000e+00,   0.00000000e+00,  -1.04491960e-06,
        -3.11124893e-07,   1.59669398e-07,   9.74704790e-07,
         0.00000000e+00,  -8.47455439e-11,   0.00000000e+00,
         0.00000000e+00,   8.60236128e-07,   0.00000000e+00,
         9.62828608e-08,  -2.73411274e-07,   4.50798465e-09,
        -3.54304461e-08,   0.00000000e+00,  -3.80311718e-07,
         7.74238202e-08,   0.00000000e+00,   5.03468812e-07,
         2.07441531e-07,  -1.49294991e-07,   7.71130260e-07,
        -2.37826242e-07,  -5.88451776e-08,   2.32091022e-08,
         0.00000000e+00,   0.00000000e+00,   2.85564170e-07,
         0.00000000e+00,   0.00000000e+00,   0.00000000e+00,
         0.00000000e+00,   3.20655488e-07,  -4.10906978e-07,
         0.00000000e+00,   0.00000000e+00,   0.00000000e+00,
        -7.66649748e-08,  -5.87677846e-07,  -2.35037845e-07,
         1.83990707e-07,   3.79408078e-07,   1.11048632e-06,
        -1.26831139e-07,   0.00000000e+00,  -8.30232182e-07,
         0.00000000e+00,   2.23605312e-07,   0.00000000e+00,
         2.88737141e-07,   0.00000000e+00,   7.96816764e-08,
         5.30524403e-07,   3.83434980e-07,   4.70512532e-07,
        -1.20070308e-06,   0.00000000e+00,   0.00000000e+00,
         1.21741266e-07,  -5.47203115e-07,   0.00000000e+00,
        -1.13241491e-07,  -4.19059120e-07,   5.05986122e-07,
         0.00000000e+00,   9.39294523e-07,   0.00000000e+00,
         4.24670532e-07,  -1.42707634e-07,   0.00000000e+00,
        -9.82748816e-07,   0.00000000e+00,   1.01266653e-06,
         3.53302369e-07,   0.00000000e+00,   3.13463772e-07,
         0.00000000e+00,   0.00000000e+00,   2.71650805e-07,
         0.00000000e+00,   0.00000000e+00,   2.39654184e-07,
         2.70485913e-07,  -1.66291727e-07,   0.00000000e+00,
        -7.46493356e-09,   4.21231192e-08,   4.44586448e-07,
         0.00000000e+00,   0.00000000e+00,   0.00000000e+00,
         0.00000000e+00,   2.38096234e-07,   0.00000000e+00,
         5.69829232e-13,   7.44725128e-07,  -4.11452135e-08,
         0.00000000e+00,   0.00000000e+00,   0.00000000e+00,
        -1.25185784e-06,   0.00000000e+00,   0.00000000e+00,
         0.00000000e+00,   0.00000000e+00,  -8.94016694e-07,
         0.00000000e+00,  -1.80727298e-07,  -6.63946253e-07,
         7.37907840e-07,   0.00000000e+00,   0.00000000e+00,
         0.00000000e+00,   0.00000000e+00,  -6.07509705e-08,
         0.00000000e+00,   0.00000000e+00,   2.73462405e-07,
         0.00000000e+00,   0.00000000e+00,   2.23783786e-07,
        -1.42353457e-07,   0.00000000e+00,  -6.99916313e-07,
         5.35707613e-07,   0.00000000e+00,   2.71208336e-07,
        -5.66890662e-07,   0.00000000e+00,   0.00000000e+00,
         0.00000000e+00,   0.00000000e+00,   0.00000000e+00,
         1.99339567e-07,   3.04162342e-07,   9.53320807e-07,
         0.00000000e+00,  -8.54694576e-07,   2.70057711e-07,
         0.00000000e+00,   0.00000000e+00,   5.53828443e-07,
         0.00000000e+00,   0.00000000e+00,   0.00000000e+00,
         2.83189046e-08,   3.42457781e-07,   0.00000000e+00,
         0.00000000e+00,   0.00000000e+00,   0.00000000e+00,
         8.67108668e-07,   7.63630965e-07,   0.00000000e+00,
         2.94852356e-07,   4.94179517e-07,  -3.92560224e-07,
        -1.19121921e-06,   0.00000000e+00,   0.00000000e+00,
         0.00000000e+00,   6.65521952e-07,   0.00000000e+00,
         0.00000000e+00,   3.09814823e-08,   2.62890126e-07,
        -4.30759457e-07,   0.00000000e+00,   0.00000000e+00,
         0.00000000e+00,   0.00000000e+00,   0.00000000e+00,
         0.00000000e+00,   8.46935233e-09,   5.21382162e-07,
         0.00000000e+00,  -1.62500939e-07,   0.00000000e+00,
        -3.58357255e-08,  -3.67179382e-07,   0.00000000e+00,
         9.00115609e-08,   0.00000000e+00,   7.33668060e-07,
         0.00000000e+00,   0.00000000e+00,   0.00000000e+00,
         0.00000000e+00,   0.00000000e+00,   0.00000000e+00,
         5.05282912e-07,  -8.53607901e-07,   7.01979104e-07,
        -7.01693011e-07,   0.00000000e+00,   4.95834399e-07,
         0.00000000e+00,   0.00000000e+00,   3.26447577e-07,
         5.32383595e-08,   0.00000000e+00,  -9.64476286e-08,
        -1.34110303e-06,   0.00000000e+00,   0.00000000e+00,
         0.00000000e+00,   0.00000000e+00,   0.00000000e+00,
        -1.54063411e-08,   0.00000000e+00,   7.44589499e-07,
        -3.20175360e-07,   0.00000000e+00,   0.00000000e+00,
        -2.50695564e-07,   0.00000000e+00,   0.00000000e+00,
         0.00000000e+00,  -7.75647720e-07,  -8.35940284e-07,
         0.00000000e+00,  -7.31414332e-07,   0.00000000e+00,
         0.00000000e+00,   0.00000000e+00,   9.46223054e-07,
         0.00000000e+00,   8.23834000e-07,   0.00000000e+00,
         4.17219042e-08,   4.48757532e-07,   0.00000000e+00,
        -2.15047340e-08,   7.68717268e-09,   0.00000000e+00,
         2.33720243e-07,   0.00000000e+00,   0.00000000e+00,
        -1.30323065e-06,  -2.87789334e-07,   3.60779865e-07,
         0.00000000e+00,   0.00000000e+00,   6.65178106e-07,
         0.00000000e+00,   0.00000000e+00,   3.06394440e-07,
        -3.80191182e-07,  -1.01069510e-07,   5.72000602e-07,
         0.00000000e+00,   0.00000000e+00], dtype=float32), array([[-0.05754489,  0.08089926,  0.06756709, -0.02142347,  0.09417377,
        -0.07368898],
       [-0.06209124, -0.02617942, -0.04804363, -0.08004094,  0.10231396,
         0.10356114],
       [ 0.095869  , -0.10395291,  0.01340941,  0.10662193,  0.0403929 ,
        -0.03272961],
       ..., 
       [ 0.01701573, -0.10216977, -0.08795363,  0.10497791,  0.062888  ,
         0.00229681],
       [-0.10311228,  0.02888706,  0.07480466,  0.04649625, -0.01916189,
         0.07840901],
       [-0.02743267, -0.04577593,  0.01342359, -0.07222642, -0.07491178,
        -0.0636321 ]], dtype=float32), array([  6.08271966e-06,   1.96828341e-06,   2.81886685e-07,
         6.52006520e-06,  -4.47942163e-08,   3.61580214e-06], dtype=float32)]