802196 0.0 5.0 2.11 2.0 1.30303491895
1603055 0.0 12.0 4.02 4.0 2.54943130914
2403452 0.0 12.0 4.99 5.0 2.0124363344
3204149 0.0 11.0 4.37 5.0 2.28322140845
4003956 0.0 12.0 3.41 3.0 2.45395598983
4803706 4.0 14.0 6.66 6.0 1.88265769592
5603638 0.0 12.0 4.16 4.5 2.2922478051
6403930 0.0 16.0 6.03 6.0 2.92046229217
7204047 2.0 21.0 8.02 7.0 3.56645482237
8003996 0.0 12.0 3.2 3.0 2.37486841741
8804930 1.0 17.0 5.97 5.0 3.07719027686
9605186 2.0 23.0 8.4 8.0 4.09389789809
10405824 0.0 8.0 2.93 3.0 1.38747972958
11206263 0.0 17.0 6.62 6.0 3.42572620038
12006990 3.0 34.0 10.3 9.0 5.16236379966
12807767 2.0 27.0 8.67 8.0 3.92187455179
13607855 2.0 21.0 10.25 10.0 4.17222961976
14408148 5.0 31.0 11.41 10.0 5.0281109773
15208987 2.0 8.0 3.08 3.0 0.868101376568
16010154 4.0 26.0 12.26 11.0 4.61870111611
16810327 3.0 37.0 11.62 10.0 6.53265642752
17611207 2.0 22.0 9.26 8.0 4.81169408836
18409963 3.0 24.0 10.04 9.0 4.94756505768
19210289 6.0 36.0 15.68 14.0 7.10335132174
20010331 4.0 36.0 13.67 13.0 6.18232157041
20811425 2.0 39.0 10.58 9.5 6.05669877078
21611806 7.0 51.0 21.9 21.0 9.4989473101
22411453 1.0 10.0 5.06 5.0 1.88584198702
23213273 2.0 36.0 11.28 9.5 6.54534949411
24012199 3.0 50.0 17.71 16.0 7.74118208028
24812519 5.0 30.0 13.69 12.0 5.28525306868
25614109 1.0 12.0 4.35 3.5 2.68095132369
26414812 1.0 14.0 5.83 6.0 2.82862157243
27215157 2.0 11.0 5.36 5.5 2.55546473269
28015329 3.0 29.0 12.76 11.5 6.05825057257
28816057 3.0 28.0 12.2 11.0 4.74341649025
29616709 4.0 34.0 12.92 11.0 5.95597179308
30416793 2.0 6.0 3.17 3.0 0.530188645672
31216421 5.0 39.0 16.71 16.0 7.62403436509
32016271 3.0 38.0 17.53 16.0 7.19368473037
32816326 6.0 49.0 21.97 21.0 9.02269915269
33616938 1.0 24.0 8.79 7.5 4.55476673387
34416569 2.0 27.0 8.37 6.0 5.89178241282
35216370 6.0 50.0 22.06 20.0 10.655346076
36016173 6.0 64.0 21.21 20.0 9.31911476483
36815494 5.0 29.0 13.06 11.5 5.4512750802
37615274 5.0 55.0 14.85 14.0 7.1153004153
38414740 1.0 8.0 3.49 3.0 1.02464628043
39214432 6.0 77.0 29.06 27.5 12.7990780918
40014051 10.0 80.0 32.09 31.0 14.8479594558
40813313 10.0 99.0 42.88 42.5 16.4087050068
41612417 4.0 67.0 24.37 21.0 12.2814127852
42411664 5.0 48.0 15.27 14.0 6.66911538362
43211476 15.0 111.0 42.42 42.5 15.9644480017
44010284 10.0 81.0 36.03 36.5 13.8509602555
44809282 10.0 87.0 38.79 37.0 17.2443005077
45609549 4.0 86.0 28.76 24.5 17.2395591591
46409295 10.0 85.0 31.82 30.0 14.4895686616
47208867 3.0 18.0 7.37 7.0 3.00218253942
48007601 11.0 94.0 37.08 36.5 16.3882152781
48806904 9.0 235.0 40.4 37.5 23.3542287391
49605257 11.0 76.0 37.38 36.0 14.0703802365
50404351 6.0 73.0 25.72 23.0 13.1856588762
51204141 4.0 55.0 19.59 17.0 11.4778874363
52003232 3.0 38.0 12.64 11.0 7.03778374206
52802548 3.0 63.0 19.59 14.0 14.4305890386
53601687 13.0 81.0 41.44 40.0 15.1659618884
54400754 9.0 102.0 56.08 55.0 18.051415457
55199954 5.0 59.0 24.76 23.0 11.1714994517
55999378 10.0 73.0 29.87 26.5 12.661480956
56798246 6.0 59.0 22.77 20.5 11.3020838786
57596894 3.0 50.0 15.2 13.0 8.5895285086
58395569 3.0 89.0 30.18 30.0 14.881787527
59194281 2.0 14.0 6.04 5.0 2.77820085667
