801925 0.0 10.0 3.16 3.0 2.09628242372
1602185 0.0 8.0 3.65 4.0 1.64544826719
2402227 0.0 13.0 4.56 5.0 2.28175371151
3202738 0.0 10.0 4.31 5.0 2.45232542702
4003128 1.0 11.0 4.32 5.0 2.50551391934
4802309 1.0 19.0 7.52 7.5 3.25723809385
5601949 0.0 9.0 2.82 3.0 1.69339894886
6401863 0.0 14.0 5.3 5.0 2.60959767014
7201877 2.0 13.0 4.67 4.0 2.62699448039
8002119 0.0 13.0 5.97 6.0 2.15617717268
8803310 1.0 14.0 5.73 6.0 2.3826665734
9603829 0.0 16.0 4.81 4.0 2.92812226521
10404627 1.0 19.0 8.44 8.0 3.48803669705
11205319 3.0 18.0 8.41 8.0 3.14672845985
12005499 3.0 21.0 7.36 7.0 3.16075940242
12806057 1.0 18.0 6.97 6.5 3.66457364505
13606898 3.0 16.0 5.13 5.0 1.62268296349
14406807 2.0 19.0 8.23 8.0 3.36111588613
15207166 4.0 25.0 9.85 9.0 3.32978978315
16007077 5.0 21.0 10.94 10.0 3.32210776466
16807472 5.0 43.0 16.63 16.0 6.1670981831
17606729 3.0 30.0 11.88 11.0 5.10348900263
18405953 7.0 39.0 18.72 18.0 6.79423284853
19206736 4.0 25.0 11.89 11.0 4.64304856748
20007524 3.0 35.0 14.69 14.0 6.36191009053
20808891 4.0 34.0 14.94 14.0 6.29256704374
21608224 3.0 44.0 13.65 11.5 7.98420315373
22407099 2.0 47.0 7.4 5.0 6.78085540327
23208382 6.0 56.0 18.26 17.0 7.7557978313
24008724 6.0 47.0 23.72 23.0 9.70575087255
24807593 5.0 61.0 21.6 19.5 12.1794909582
25606986 3.0 20.0 6.51 5.0 3.48853837588
26406510 9.0 60.0 26.75 26.5 11.48161574
27205912 3.0 56.0 21.39 18.0 11.1066601641
28005068 9.0 61.0 38.61 39.0 12.0953668816
28803917 3.0 34.0 8.14 6.0 5.69915783252
29602968 2.0 9.0 4.26 4.0 1.16292734081
30402030 7.0 283.0 35.54 32.0 29.2589883626
31202091 3.0 38.0 8.8 7.0 5.90931468108
32002874 3.0 22.0 10.65 10.0 4.27404960196
32802959 6.0 67.0 22.6 21.0 11.5117331449
33602306 9.0 65.0 29.14 28.5 11.9306496051
34400869 9.0 69.0 36.51 36.0 11.9519830991
35200108 10.0 61.0 32.41 31.5 10.6283535884
35999305 2.0 41.0 9.59 9.0 5.55174747264
36798669 8.0 60.0 25.36 23.0 10.4427199522
37597372 6.0 71.0 24.39 20.5 13.3213325159
38396589 4.0 58.0 22.1 20.0 11.8831813922
39196065 10.0 69.0 32.29 31.0 11.6732985912
39996122 2.0 11.0 4.25 3.0 1.9461500456
40797112 2.0 27.0 9.34 8.0 4.53479878275
41597399 4.0 38.0 17.34 17.0 6.99745668082
42396968 7.0 62.0 27.45 24.0 13.1006679219
43196220 7.0 66.0 27.53 26.0 11.6914113776
43995448 2.0 46.0 11.31 9.5 6.82597245819
44794521 9.0 57.0 25.87 25.0 9.96760252017
45593630 12.0 94.0 34.77 35.0 14.0205955651
46392665 5.0 43.0 18.28 17.0 8.43454800212
47192050 2.0 36.0 10.39 9.0 5.73566909785
47991241 19.0 110.0 54.03 52.0 16.0183987964
48791191 0.0 4.0 1.63 2.0 1.09229116997
49593027 0.0 10.0 1.99 2.0 1.7691523394
50394677 0.0 7.0 2.0 2.0 1.69705627485
51195848 0.0 15.0 5.91 6.0 3.20342004739
51996632 0.0 7.0 3.1 3.0 1.22065556157
52797578 3.0 20.0 8.11 8.0 2.95599391068
53598457 2.0 15.0 7.45 7.0 2.60528309402
54398625 2.0 12.0 4.68 4.0 2.30165158093
55198533 3.0 34.0 11.02 10.5 4.95172697147
55997972 0.0 11.0 3.9 3.0 2.35584379788
