806119 0.0 7.0 1.68 2.0 1.13912246927
1608181 0.0 15.0 2.99 2.0 2.66643957366
2409601 0.0 10.0 4.73 5.0 2.50541413742
3208317 1.0 8.0 3.41 3.0 1.96517174822
4006968 0.0 15.0 5.72 6.0 2.510298787
4801094 0.0 13.0 5.92 6.0 2.65586144217
5596991 0.0 9.0 4.26 4.0 1.82
6391246 2.0 15.0 6.01 6.0 2.20678499179
7186439 4.0 17.0 9.45 9.0 3.06063718856
7980592 2.0 20.0 7.67 7.0 2.63838966038
8774927 2.0 41.0 12.25 11.0 5.63981382671
9572511 4.0 18.0 8.15 8.0 2.56271340575
10368109 1.0 29.0 13.06 12.0 5.82034363247
11164310 2.0 27.0 8.98 7.0 5.26114056075
11961726 1.0 32.0 11.9 12.0 5.67186036499
12756196 3.0 38.0 12.7 10.0 7.10140831103
13550200 2.0 105.0 8.03 6.0 11.3405952225
14342097 5.0 71.0 25.77 24.5 12.4240532839
15136350 3.0 73.0 25.34 23.0 13.5986911135
15928722 5.0 37.0 15.05 14.0 6.63833563478
16722021 6.0 71.0 20.87 16.5 13.7321921047
17516623 2.0 40.0 9.31 8.0 5.73880649613
18309243 7.0 75.0 28.37 24.5 14.0830784987
19103940 1.0 11.0 4.14 4.0 2.22719554597
19899608 4.0 43.0 15.73 15.0 7.7444883627
20691463 2.0 22.0 7.63 7.0 3.02871259779
21484664 9.0 79.0 30.51 26.0 15.857171879
22280694 8.0 229.0 27.68 23.5 24.3605747059
23074070 9.0 63.0 24.21 21.0 10.689522908
23865511 8.0 65.0 23.27 20.0 10.7924556983
24655851 4.0 68.0 12.25 11.0 7.53972811181
25446288 7.0 80.0 21.1 18.0 10.6719257868
26239061 7.0 88.0 29.52 25.0 18.2529340107
27030028 12.0 84.0 39.63 36.0 16.5055475523
27822044 13.0 275.0 54.51 49.5 29.4922006639
28613250 7.0 97.0 38.78 34.0 23.1272912378
29403670 4.0 64.0 24.74 22.5 12.5909650146
30193757 20.0 135.0 58.55 58.5 21.1813007155
30986537 5.0 72.0 32.95 32.5 14.8891739193
31778106 4.0 82.0 24.14 21.0 12.7812518949
32568541 13.0 98.0 46.72 47.0 17.6646992615
33361672 7.0 57.0 21.74 19.0 9.74948203752
34156033 2.0 38.0 14.36 13.0 7.287688248
34950191 7.0 80.0 22.26 19.0 12.956558185
35741601 10.0 338.0 50.63 45.0 40.9015048623
