806119 0.0 4.0 1.64 2.0 0.889044430836
4006968 0.0 14.0 5.59 6.0 2.24095961588
7186439 2.0 20.0 10.32 10.0 3.95949491728
10368109 4.0 48.0 12.61 11.0 6.79984558648
13550200 2.0 45.0 8.09 6.0 7.24443924676
16722021 5.0 88.0 22.55 19.0 14.5006034357
19899608 3.0 33.0 16.7 16.5 7.43975806058
23074070 7.0 57.0 23.25 22.0 9.58996871736
26239061 6.0 86.0 27.69 23.0 16.8461835441
29403670 2.0 84.0 23.58 20.0 13.8745666599
32568541 7.0 91.0 46.07 43.0 18.6993342127
35741601 10.0 267.0 43.26 39.0 28.2349499734
